0.0004	15.8753	11.7911	21.7527
0.0004	15.8753	11.7911	21.7527
0.0004	15.8753	12.8164	21.7527
0.0004	15.8753	12.8164	22.2707
0.0004	16.3874	13.3290	22.2707
0.0005	16.8995	13.3290	22.7886
0.0005	16.8995	13.3290	23.3065
0.0006	16.8995	12.8164	23.3065
0.0007	16.8995	13.3290	23.3065
0.0007	16.8995	13.3290	23.3065
0.0008	17.9237	14.3543	23.8244
0.0008	17.9237	14.3543	23.8244
0.0008	17.9237	14.8670	23.8244
0.0009	18.4358	14.3543	23.8244
0.0009	18.4358	14.3543	24.3424
0.0010	18.9479	14.8670	24.3424
0.0010	19.4600	15.3796	24.8603
0.0011	19.4600	15.3796	24.8603
0.0011	19.9722	15.3796	25.3782
0.0011	19.9722	15.3796	25.3782
0.0011	19.9722	15.8923	25.3782
0.0011	19.9722	15.3796	25.8961
0.0011	19.9722	15.8923	25.8961
0.0012	20.4843	16.4050	25.8961
0.0013	20.9964	16.4050	25.8961
0.0013	20.9964	16.4050	25.8961
0.0013	20.9964	16.4050	25.8961
0.0013	20.9964	16.4050	26.4140
0.0015	21.5085	16.9176	27.4499
0.0015	21.5085	17.4303	27.4499
0.0015	22.0206	17.4303	27.4499
0.0016	22.5327	17.4303	27.4499
0.0016	22.5327	17.4303	27.4499
0.0017	22.0206	17.9429	27.4499
0.0017	22.0206	17.9429	27.9678
0.0017	23.0448	18.4556	27.9678
0.0017	23.0448	18.4556	29.0037
0.0018	24.0690	19.4809	28.4857
0.0018	24.0690	18.9682	28.4857
0.0019	24.0690	18.9682	29.0037
0.0019	24.0690	18.9682	29.0037
0.0019	24.0690	19.4809	29.5216
0.0019	24.5811	19.4809	29.5216
0.0019	25.6053	19.4809	29.5216
0.0020	25.0932	19.9935	29.5216
0.0020	24.5811	19.9935	29.5216
0.0020	25.0932	20.5062	30.0395
0.0020	25.6053	20.5062	30.5574
0.0020	26.1174	21.0188	30.5574
0.0021	26.1174	20.5062	31.0753
0.0022	26.6295	20.5062	30.5574
0.0023	26.6295	20.5062	30.5574
0.0023	26.6295	21.5315	30.5574
0.0024	27.1416	21.5315	31.5933
0.0024	27.6537	22.0442	31.5933
0.0025	28.1659	22.0442	32.1112
0.0025	28.1659	22.0442	32.1112
0.0025	28.6780	22.0442	32.1112
0.0025	28.1659	22.0442	32.1112
0.0026	28.6780	22.5568	33.1470
0.0027	29.1901	23.5821	33.1470
0.0027	29.7022	23.5821	33.6650
0.0027	29.7022	23.0695	33.1470
0.0027	29.1901	23.0695	33.1470
0.0027	29.1901	24.0948	33.1470
0.0027	29.7022	24.0948	33.6650
0.0028	30.2143	24.6074	34.1829
0.0028	30.2143	24.0948	34.7008
0.0028	30.7264	25.1201	34.7008
0.0029	30.7264	24.6074	34.1829
0.0029	31.2385	24.6074	34.7008
0.0029	31.2385	25.1201	34.7008
0.0030	31.7506	25.1201	34.7008
0.0031	31.7506	25.1201	35.2187
0.0032	32.2627	25.1201	35.2187
0.0032	32.7748	25.6327	35.2187
0.0032	33.2869	25.6327	35.7366
0.0033	33.2869	26.1454	35.7366
0.0033	33.7990	26.6580	36.2546
0.0033	33.7990	26.6580	36.2546
0.0034	33.7990	26.1454	37.2904
0.0034	34.3111	26.6580	36.7725
0.0034	34.8232	26.6580	36.7725
0.0034	34.3111	27.6834	36.7725
0.0035	34.8232	27.6834	37.8083
0.0035	34.8232	27.6834	37.8083
0.0036	34.8232	27.6834	38.3263
0.0036	35.8475	27.6834	37.8083
0.0037	35.8475	27.6834	37.8083
0.0038	36.3596	28.7087	37.8083
0.0038	36.3596	28.7087	38.3263
0.0038	36.8717	29.2213	38.8442
0.0039	36.8717	29.2213	39.3621
0.0039	36.8717	29.2213	39.3621
0.0040	37.3838	29.2213	39.3621
0.0040	37.3838	29.7340	39.3621
0.0041	37.3838	29.7340	39.8800
0.0041	37.8959	29.7340	40.3979
0.0041	38.4080	29.7340	40.9159
0.0042	38.9201	29.7340	40.3979
0.0042	38.4080	30.7593	40.3979
0.0042	38.9201	30.7593	40.9159
0.0043	38.9201	31.2719	41.4338
0.0043	39.4322	31.7846	41.4338
0.0043	39.4322	31.7846	41.4338
0.0044	40.4564	32.2972	41.9517
0.0045	39.9443	31.7846	41.9517
0.0045	40.4564	32.2972	41.9517
0.0045	40.4564	32.8099	41.9517
0.0046	41.4806	32.8099	42.4696
0.0046	41.4806	33.3226	42.4696
0.0047	40.9685	33.3226	42.9876
0.0047	41.4806	33.3226	42.9876
0.0047	41.9927	33.8352	42.9876
0.0048	41.9927	33.8352	43.5055
0.0048	42.5048	34.3479	44.0234
0.0048	42.5048	34.3479	44.0234
0.0049	42.5048	34.3479	44.0234
0.0050	43.0169	34.3479	44.0234
0.0050	43.5290	34.8605	44.0234
0.0050	43.5290	34.8605	44.0234
0.0050	43.5290	35.3732	44.5413
0.0050	43.5290	35.8858	45.0593
0.0051	44.0412	35.3732	45.5772
0.0051	44.5533	35.8858	45.5772
0.0051	44.0412	35.8858	45.5772
0.0052	45.0654	36.3985	45.5772
0.0052	45.5775	36.9111	46.0951
0.0053	45.5775	36.9111	46.6130
0.0054	45.5775	36.9111	46.6130
0.0055	46.0896	36.9111	46.6130
0.0055	46.0896	37.4238	47.1309
0.0056	46.6017	37.9364	47.1309
0.0056	46.6017	38.4491	47.1309
0.0056	47.1138	38.4491	47.6489
0.0057	47.1138	37.9364	47.6489
0.0057	47.1138	38.4491	48.1668
0.0057	47.6259	38.9618	48.1668
0.0057	47.6259	38.9618	48.1668
0.0057	48.1380	39.4744	48.6847
0.0058	48.1380	39.9871	48.6847
0.0058	48.1380	39.9871	49.2026
0.0058	48.6501	39.4744	49.7206
0.0059	49.1622	39.9871	49.2026
0.0059	49.6743	39.9871	49.2026
0.0059	49.6743	41.0124	49.2026
0.0060	50.1864	41.0124	50.2385
0.0061	50.1864	41.0124	50.2385
0.0061	50.1864	41.5250	50.2385
0.0062	50.6985	41.5250	50.2385
0.0062	50.1864	41.5250	50.7564
0.0062	50.6985	42.5503	50.7564
0.0063	51.2106	42.0377	51.2743
0.0063	51.2106	42.0377	51.2743
0.0063	51.7227	42.0377	51.7922
0.0064	51.7227	42.5503	51.7922
0.0064	51.7227	43.0630	52.3102
0.0064	52.2349	43.5756	51.7922
0.0064	52.2349	43.5756	52.8281
0.0064	52.7470	43.5756	52.8281
0.0065	52.7470	44.0883	52.8281
0.0066	53.2591	44.0883	52.8281
0.0066	53.2591	44.0883	52.8281
0.0067	54.2833	45.1136	53.3460
0.0067	54.2833	45.1136	53.8639
0.0068	54.2833	45.6263	54.3819
0.0068	54.2833	45.6263	53.8639
0.0069	54.2833	45.6263	53.8639
0.0069	54.7954	46.1389	54.3819
0.0070	55.3075	46.1389	54.3819
0.0071	55.3075	46.6516	54.8998
0.0071	55.8196	46.1389	55.4177
0.0072	55.8196	46.1389	55.4177
0.0072	56.3317	46.1389	55.4177
0.0072	56.3317	47.1642	55.4177
0.0072	56.3317	47.6769	56.4535
0.0072	56.8438	47.6769	56.4535
0.0072	56.8438	47.6769	56.4535
0.0073	57.3559	48.1895	56.4535
0.0073	57.3559	48.1895	56.9715
0.0074	57.8680	48.7022	56.9715
0.0075	58.3801	48.7022	57.4894
0.0075	58.3801	49.2149	57.4894
0.0075	58.3801	49.2149	57.4894
0.0075	58.3801	49.7275	57.4894
0.0075	58.3801	49.2149	58.0073
0.0075	59.4043	50.2402	58.5252
0.0076	59.4043	50.2402	59.0432
0.0077	59.4043	50.2402	59.0432
0.0077	59.9165	50.7528	59.0432
0.0078	60.4286	50.2402	59.0432
0.0078	59.9165	50.7528	59.0432
0.0079	60.4286	51.2655	59.5611
0.0079	60.9407	51.2655	59.5611
0.0080	60.9407	51.7781	60.0790
0.0080	60.9407	51.7781	60.0790
0.0080	60.9407	51.7781	60.0790
0.0080	61.9649	52.2908	60.0790
0.0081	61.9649	52.2908	60.5969
0.0081	62.4770	52.2908	60.5969
0.0082	62.4770	52.8034	61.1148
0.0082	62.9891	53.3161	61.1148
0.0082	62.9891	53.3161	61.1148
0.0082	62.9891	53.8287	61.1148
0.0083	62.9891	53.8287	61.6328
0.0084	64.0133	54.3414	62.1507
0.0084	64.0133	54.3414	62.6686
0.0084	64.5254	54.8541	62.1507
0.0085	64.5254	54.8541	62.6686
0.0086	64.5254	54.8541	62.6686
0.0087	64.5254	54.8541	63.1865
0.0087	65.5496	55.3667	63.1865
0.0088	65.5496	55.3667	63.7045
0.0088	65.5496	56.3920	63.7045
0.0088	66.0617	55.8794	63.7045
0.0088	66.0617	56.9047	63.7045
0.0088	65.5496	55.8794	64.2224
0.0088	66.5738	56.3920	64.2224
0.0089	66.5738	56.9047	64.7403
0.0089	67.5980	56.9047	64.7403
0.0090	67.5980	56.9047	64.7403
0.0091	67.5980	57.9300	65.2582
0.0091	67.5980	57.4173	65.7761
0.0091	67.5980	57.9300	65.7761
0.0092	68.1102	58.4426	65.7761
0.0092	68.6223	58.4426	65.7761
0.0092	68.6223	58.9553	66.2941
0.0092	69.1344	59.4679	66.8120
0.0092	68.6223	58.9553	66.8120
0.0093	69.1344	58.9553	67.3299
0.0094	69.6465	59.9806	67.3299
0.0094	70.1586	59.9806	67.3299
0.0095	70.6707	59.9806	67.3299
0.0095	70.1586	59.9806	67.8478
0.0095	70.1586	59.9806	67.8478
0.0095	71.1828	60.4933	68.8837
0.0095	71.1828	61.5186	68.3658
0.0096	71.6949	61.5186	68.3658
0.0096	72.2070	61.5186	68.3658
0.0096	71.6949	62.0312	68.8837
0.0097	71.6949	62.0312	68.8837
0.0098	72.2070	62.0312	69.4016
0.0098	72.2070	62.5439	69.4016
0.0099	72.2070	63.0565	69.4016
0.0100	73.2312	63.0565	69.4016
0.0100	72.7191	63.0565	69.9195
0.0100	72.7191	63.5692	70.4374
0.0101	72.7191	63.0565	70.4374
0.0101	73.7433	63.5692	70.9554
0.0102	73.7433	64.0818	70.9554
0.0102	74.2554	64.5945	70.9554
0.0103	74.2554	64.5945	71.4733
0.0103	74.2554	64.0818	71.9912
0.0103	74.7675	64.0818	71.9912
0.0103	75.7918	64.5945	72.5091
0.0103	75.7918	65.6198	72.5091
0.0103	75.2796	65.6198	72.5091
0.0104	75.7918	65.6198	72.5091
0.0105	76.3039	65.6198	72.5091
0.0106	76.3039	66.1325	73.0271
0.0106	76.8160	66.1325	73.5450
0.0107	76.8160	66.6451	73.5450
0.0107	76.8160	67.1578	73.5450
0.0107	77.3281	67.6704	73.0271
0.0107	77.8402	67.1578	73.5450
0.0107	78.3523	67.1578	74.0629
0.0108	77.8402	67.6704	74.5808
0.0108	77.8402	67.6704	74.5808
0.0108	77.8402	67.6704	74.5808
0.0110	78.3523	68.6957	74.5808
0.0110	78.3523	68.1831	75.0988
0.0111	79.3765	69.2084	75.0988
0.0111	79.3765	68.6957	75.6167
0.0111	79.3765	69.2084	75.6167
0.0111	79.8886	69.2084	76.1346
0.0112	79.8886	70.2337	76.1346
0.0112	79.3765	70.2337	76.1346
0.0113	80.4007	70.7463	76.6525
0.0113	80.4007	70.2337	76.6525
0.0114	81.4249	70.7463	77.1704
0.0115	80.9128	70.7463	77.1704
0.0115	81.4249	71.2590	77.1704
0.0115	81.4249	71.7717	77.1704
0.0116	81.9370	71.7717	77.6884
0.0116	81.9370	71.7717	77.6884
0.0117	82.4491	71.7717	78.2063
0.0118	82.4491	71.7717	78.7242
0.0118	82.4491	72.2843	78.7242
0.0118	82.4491	72.7970	78.7242
0.0118	83.4733	72.7970	78.7242
0.0118	83.4733	73.3096	78.2063
0.0119	83.4733	73.3096	79.7601
0.0120	83.4733	73.3096	79.2421
0.0120	83.4733	73.3096	79.7601
0.0120	84.4976	73.8223	79.7601
0.0121	84.4976	74.8476	79.7601
0.0121	85.0097	75.3602	80.2780
0.0121	85.0097	74.3349	80.7959
0.0121	85.0097	74.8476	80.7959
0.0122	85.0097	74.8476	81.3138
0.0122	85.5218	74.8476	80.7959
0.0122	86.0339	75.3602	80.7959
0.0123	86.5460	75.8729	81.3138
0.0123	86.0339	75.8729	81.8317
0.0124	86.0339	75.8729	81.8317
0.0124	86.5460	75.8729	82.3497
0.0124	86.5460	76.3856	82.3497
0.0125	86.5460	76.3856	82.3497
0.0126	87.5702	76.8982	82.3497
0.0126	87.5702	76.8982	82.3497
0.0126	88.0823	76.8982	82.8676
0.0126	87.5702	77.4109	82.8676
0.0127	88.0823	77.4109	83.3855
0.0127	88.0823	77.4109	83.3855
0.0128	89.1065	77.9235	83.9034
0.0128	89.1065	77.9235	83.9034
0.0130	89.6186	78.4362	84.4214
0.0130	89.1065	78.9488	84.4214
0.0130	89.1065	78.4362	84.9393
0.0131	89.6186	78.9488	84.9393
0.0131	89.6186	79.4615	84.9393
0.0132	90.1307	79.9741	84.9393
0.0132	90.6428	80.4868	85.4572
0.0133	90.6428	80.4868	85.4572
0.0133	90.6428	79.9741	85.9751
0.0133	90.6428	80.4868	85.9751
0.0133	91.1549	80.9994	85.9751
0.0133	91.6671	81.5121	86.4930
0.0134	91.6671	81.5121	86.4930
0.0134	92.1792	81.5121	87.0110
0.0134	91.6671	81.5121	87.5289
0.0134	92.1792	82.0248	87.5289
0.0135	92.1792	82.0248	87.0110
0.0135	92.6913	82.5374	87.0110
0.0136	93.2034	82.5374	87.0110
0.0136	93.2034	83.0501	88.0468
0.0136	93.2034	82.5374	88.5647
0.0137	93.7155	82.5374	89.0827
0.0138	93.7155	83.5627	89.0827
0.0138	94.2276	84.0754	89.0827
0.0138	94.2276	84.0754	89.0827
0.0140	94.2276	84.0754	89.6006
0.0140	94.7397	84.0754	89.6006
0.0141	94.7397	84.0754	90.1185
0.0141	94.7397	84.5880	90.1185
0.0141	95.2518	85.1007	90.6364
0.0142	95.2518	85.1007	90.6364
0.0142	95.7639	85.6133	90.6364
0.0142	95.7639	85.6133	91.1543
0.0143	95.7639	85.6133	91.1543
0.0143	96.2760	86.1260	91.1543
0.0143	96.2760	86.1260	92.1902
0.0144	96.7881	86.6386	92.1902
0.0144	97.3002	86.6386	92.1902
0.0145	97.3002	87.1513	91.6723
0.0146	97.3002	86.6386	92.7081
0.0146	97.8123	87.6640	92.7081
0.0146	97.8123	87.6640	92.7081
0.0147	98.3244	88.1766	92.7081
0.0147	98.3244	88.1766	92.7081
0.0148	98.3244	88.6893	92.7081
0.0148	98.3244	88.1766	93.2260
0.0149	98.8365	88.1766	93.7440
0.0149	99.3486	88.6893	94.2619
0.0149	99.8608	89.2019	94.2619
0.0149	99.3486	89.2019	94.2619
0.0149	99.8608	89.2019	94.2619
0.0150	99.8608	89.2019	94.2619
0.0150	100.3729	89.7146	94.7798
0.0151	100.8850	90.2272	95.2977
0.0152	100.8850	90.7399	95.2977
0.0152	100.8850	90.7399	95.2977
0.0152	100.8850	90.7399	95.2977
0.0153	101.3971	90.7399	95.2977
0.0153	101.3971	90.7399	95.8156
0.0153	101.9092	91.2525	96.3336
0.0154	102.4213	91.7652	96.8515
0.0155	102.4213	91.7652	96.3336
0.0155	102.4213	91.7652	96.3336
0.0155	102.9334	93.3032	96.8515
0.0156	102.9334	93.3032	97.3694
0.0156	102.9334	93.3032	97.3694
0.0156	103.4455	93.3032	97.8873
0.0156	103.4455	93.3032	97.3694
0.0157	103.9576	93.3032	97.3694
0.0158	103.9576	93.8158	97.8873
0.0159	103.9576	93.8158	98.4053
0.0159	103.9576	94.3285	98.4053
0.0159	104.4697	94.3285	98.4053
0.0159	104.9818	94.3285	98.4053
0.0159	104.9818	94.3285	98.9232
0.0159	105.4939	94.8411	99.4411
0.0160	105.4939	94.8411	99.4411
0.0160	105.4939	95.8664	99.9590
0.0161	105.4939	95.8664	99.9590
0.0162	106.0060	95.8664	99.9590
0.0162	106.5181	95.8664	99.9590
0.0163	107.0302	96.3791	100.4770
0.0163	106.5181	95.8664	100.4770
0.0163	106.5181	97.4044	100.9949
0.0164	106.5181	96.8917	101.5128
0.0164	107.5424	97.4044	100.9949
0.0164	107.5424	97.4044	101.5128
0.0165	108.0545	97.4044	101.5128
0.0166	107.5424	97.9170	102.0307
0.0166	108.5666	97.9170	102.5486
0.0167	108.0545	98.4297	102.5486
0.0167	108.5666	98.4297	102.5486
0.0167	108.5666	98.9424	102.5486
0.0167	109.0787	98.4297	103.0666
0.0168	109.0787	98.9424	103.0666
0.0168	109.0787	98.9424	103.5845
0.0169	109.0787	99.4550	103.0666
0.0169	109.0787	99.4550	103.5845
0.0170	110.1029	99.4550	103.5845
0.0171	110.1029	99.4550	103.5845
0.0171	110.6150	99.4550	104.1024
0.0171	110.6150	99.9677	104.6203
0.0172	110.6150	100.4803	104.6203
0.0172	111.1271	100.4803	105.1383
0.0172	111.1271	101.5056	105.1383
0.0172	111.6392	100.9930	105.1383
0.0172	111.6392	100.9930	105.1383
0.0172	111.6392	101.5056	105.1383
0.0173	111.6392	102.0183	105.1383
0.0174	112.1513	102.0183	105.6562
0.0175	112.1513	102.0183	105.6562
0.0175	112.6634	102.0183	105.6562
0.0176	113.1755	103.0436	106.6920
0.0176	113.1755	102.5309	106.6920
0.0177	113.1755	103.0436	107.2099
0.0178	113.1755	103.0436	107.2099
0.0178	113.1755	103.5563	107.2099
0.0178	113.1755	103.5563	107.2099
0.0179	114.7118	104.5816	107.7279
0.0179	114.1997	104.0689	107.7279
0.0179	114.7118	104.0689	108.2458
0.0179	114.1997	104.0689	108.2458
0.0179	114.7118	104.5816	108.2458
0.0180	114.7118	104.5816	108.2458
0.0180	115.2239	104.5816	108.7637
0.0180	115.7361	104.5816	108.7637
0.0181	115.7361	104.5816	109.2816
0.0182	115.7361	105.0942	109.2816
0.0182	115.7361	105.6069	109.7996
0.0183	116.2482	106.6322	109.2816
0.0183	116.2482	106.1195	109.7996
0.0184	116.7603	106.6322	109.7996
0.0185	116.7603	106.6322	110.3175
0.0186	116.7603	106.6322	110.8354
0.0187	116.7603	107.1448	110.8354
0.0187	117.2724	107.1448	110.8354
0.0187	116.7603	107.6575	110.8354
0.0187	118.2966	107.6575	111.3533
0.0187	117.7845	107.6575	111.3533
0.0187	118.2966	107.6575	111.3533
0.0187	118.2966	108.1701	111.8712
0.0187	118.2966	108.6828	111.8712
0.0188	118.8087	108.6828	111.8712
0.0188	119.3208	108.6828	112.3892
0.0189	119.3208	108.6828	112.3892
0.0189	119.3208	108.6828	112.9071
0.0190	118.8087	109.7081	112.9071
0.0190	119.3208	109.7081	112.9071
0.0190	119.8329	109.7081	112.9071
0.0191	119.8329	110.2208	113.4250
0.0192	119.8329	110.2208	113.4250
0.0192	120.3450	110.2208	113.4250
0.0193	119.8329	110.7334	113.9429
0.0193	120.3450	110.7334	113.9429
0.0194	120.8571	111.7587	114.4609
0.0194	120.8571	111.2461	113.9429
0.0194	121.3692	111.2461	113.9429
0.0194	120.8571	111.2461	115.4967
0.0194	120.8571	112.2714	114.4609
0.0194	120.8571	112.2714	114.9788
0.0195	121.3692	112.2714	115.4967
0.0195	121.8813	112.7840	115.4967
0.0196	122.3934	113.2967	115.4967
0.0198	119.3208	112.2714	116.0146
0.0198	118.8087	112.7840	116.0146
0.0198	118.8087	113.2967	116.5325
0.0199	119.8329	113.8093	116.0146
0.0199	119.8329	113.8093	116.5325
0.0199	119.8329	113.2967	116.5325
0.0200	120.3450	113.8093	117.0505
0.0200	120.8571	114.3220	116.5325
0.0200	120.8571	114.8347	117.0505
0.0201	121.8813	114.8347	117.0505
0.0202	121.3692	114.8347	117.0505
0.0202	120.8571	115.3473	117.5684
0.0202	120.8571	114.8347	117.5684
0.0202	120.8571	114.8347	117.5684
0.0202	121.3692	115.3473	117.5684
0.0203	121.3692	115.8600	118.0863
0.0203	121.8813	115.8600	118.0863
0.0204	121.8813	115.8600	118.6042
0.0204	121.8813	116.3726	118.0863
0.0205	121.3692	116.3726	118.6042
0.0205	121.8813	116.8853	118.6042
0.0205	122.3934	116.8853	118.6042
0.0206	122.3934	116.8853	119.1222
0.0206	122.3934	117.3979	119.6401
0.0207	122.3934	117.3979	119.1222
0.0207	122.3934	117.3979	118.6042
0.0208	122.9055	117.3979	120.1580
0.0208	122.9055	117.3979	120.1580
0.0209	123.4177	117.3979	120.6759
0.0210	123.4177	117.9106	120.6759
0.0210	123.4177	118.4232	120.6759
0.0210	123.9298	118.9359	121.1938
0.0210	123.9298	118.9359	121.1938
0.0210	123.9298	118.9359	121.1938
0.0210	123.9298	119.4485	121.1938
0.0211	124.4419	118.9359	121.7118
0.0211	124.4419	119.4485	121.7118
0.0211	124.4419	119.4485	121.7118
0.0212	124.9540	119.9612	121.7118
0.0212	124.9540	120.4739	121.7118
0.0213	125.9782	120.4739	122.2297
0.0214	125.9782	119.9612	122.2297
0.0214	125.9782	119.4485	122.7476
0.0214	125.9782	120.4739	122.7476
0.0215	126.4903	120.4739	122.7476
0.0215	127.0024	120.9865	122.7476
0.0216	127.5145	120.4739	123.2655
0.0216	126.4903	120.4739	123.2655
0.0217	126.4903	120.4739	123.2655
0.0218	127.0024	119.9612	122.7476
0.0218	127.0024	119.9612	122.7476
0.0219	128.0266	119.4485	123.2655
0.0219	128.0266	119.4485	124.3014
0.0219	128.0266	119.9612	124.3014
0.0220	128.0266	119.9612	124.8193
0.0220	128.0266	120.4739	124.3014
0.0220	128.5387	120.9865	124.3014
0.0221	128.5387	120.9865	124.8193
0.0221	128.5387	120.9865	124.8193
0.0222	128.5387	120.9865	124.8193
0.0223	128.5387	120.4739	124.8193
0.0223	129.0508	120.4739	124.8193
0.0223	129.0508	120.9865	124.8193
0.0223	129.5629	120.9865	125.3372
0.0223	129.0508	121.4992	125.3372
0.0224	129.5629	121.4992	125.8551
0.0225	129.5629	121.4992	125.8551
0.0225	130.0750	121.4992	125.8551
0.0225	130.0750	121.4992	125.8551
0.0225	130.5871	121.4992	126.3731
0.0226	129.5629	122.0118	126.3731
0.0226	130.5871	121.4992	126.8910
0.0227	130.5871	121.4992	126.8910
0.0227	131.0992	121.4992	126.8910
0.0227	130.5871	122.0118	126.8910
0.0228	131.6114	122.0118	126.8910
0.0228	130.5871	123.0371	126.8910
0.0229	130.5871	122.5245	127.4089
0.0230	131.6114	123.0371	127.4089
0.0230	131.6114	123.0371	127.4089
0.0231	131.6114	123.0371	127.4089
0.0231	131.6114	123.5498	127.9268
0.0232	131.6114	124.0624	127.4089
0.0232	131.6114	124.0624	128.4448
0.0232	132.1235	124.0624	128.4448
0.0233	132.1235	124.0624	128.9627
0.0233	132.1235	124.5751	128.4448
0.0233	132.1235	124.5751	128.4448
0.0234	132.6356	124.5751	128.4448
0.0235	132.1235	125.0877	128.9627
0.0235	131.6114	125.6004	128.9627
0.0235	131.6114	125.6004	129.9985
0.0236	132.1235	125.6004	128.9627
0.0236	131.6114	125.6004	128.9627
0.0236	130.5871	126.1131	129.4806
0.0237	128.5387	127.1384	129.4806
0.0237	121.8813	126.6257	129.9985
0.0238	116.2482	126.6257	129.4806
0.0238	111.6392	126.6257	129.4806
0.0238	111.1271	126.6257	129.4806
0.0239	110.6150	126.6257	129.9985
0.0239	110.6150	127.1384	129.9985
0.0239	111.1271	127.6510	130.5165
0.0240	111.1271	128.1637	129.9985
0.0240	111.1271	128.1637	129.9985
0.0240	111.6392	128.1637	129.9985
0.0240	111.6392	128.1637	129.9985
0.0240	111.6392	128.6763	129.9985
0.0241	111.6392	128.6763	131.0344
0.0242	111.6392	128.6763	131.0344
0.0242	112.1513	128.6763	131.0344
0.0243	112.6634	129.1890	129.9985
0.0243	112.6634	129.1890	130.5165
0.0244	112.6634	129.7016	130.5165
0.0244	112.6634	129.7016	130.5165
0.0245	113.6876	129.7016	129.9985
0.0246	114.1997	129.7016	129.4806
0.0246	114.7118	129.7016	128.9627
0.0247	114.7118	130.2143	128.9627
0.0247	114.7118	130.7269	127.4089
0.0248	115.2239	130.7269	124.3014
0.0248	115.2239	130.7269	121.1938
0.0249	115.2239	130.7269	107.7279
0.0249	115.7361	130.7269	106.6920
0.0249	115.7361	130.7269	106.1741
0.0250	116.7603	131.2396	105.6562
0.0250	116.7603	131.2396	106.1741
0.0251	116.2482	131.7523	106.6920
0.0251	116.7603	131.2396	106.6920
0.0252	117.2724	131.2396	107.2099
0.0252	117.2724	131.7523	107.7279
0.0253	118.2966	131.7523	107.2099
0.0254	117.2724	132.2649	107.2099
0.0254	117.2724	131.7523	108.2458
0.0255	117.7845	131.7523	108.7637
0.0255	118.8087	131.7523	109.2816
0.0255	118.8087	131.7523	108.7637
0.0255	119.3208	132.2649	108.7637
0.0255	119.3208	132.2649	109.2816
0.0255	119.3208	131.7523	109.7996
0.0256	119.3208	131.7523	110.3175
0.0256	119.8329	130.7269	110.3175
0.0257	120.3450	130.2143	110.3175
0.0257	120.8571	130.2143	110.8354
0.0258	120.3450	128.6763	110.8354
0.0258	120.8571	126.1131	111.3533
0.0258	120.8571	119.4485	111.3533
0.0259	121.3692	112.2714	112.3892
0.0260	121.8813	111.2461	112.3892
0.0260	122.9055	110.7334	112.3892
0.0260	122.3934	110.7334	112.3892
0.0261	122.9055	110.7334	112.3892
0.0262	122.9055	110.7334	112.9071
0.0262	122.9055	110.7334	112.9071
0.0263	123.9298	110.2208	113.4250
0.0263	124.4419	110.7334	113.4250
0.0263	124.4419	111.2461	113.9429
0.0263	124.4419	111.2461	113.9429
0.0263	124.9540	111.2461	114.4609
0.0265	124.9540	111.7587	114.9788
0.0265	125.4661	111.7587	115.4967
0.0266	125.4661	111.7587	114.4609
0.0266	125.4661	112.2714	114.9788
0.0266	126.4903	112.7840	115.4967
0.0267	126.4903	112.7840	116.5325
0.0267	127.0024	112.7840	116.5325
0.0267	127.5145	113.2967	117.5684
0.0268	127.5145	113.2967	117.5684
0.0268	128.0266	113.8093	117.5684
0.0269	128.0266	113.8093	117.5684
0.0269	128.5387	114.3220	118.6042
0.0269	129.0508	114.3220	118.6042
0.0270	129.5629	114.3220	120.1580
0.0270	130.0750	114.8347	119.6401
0.0270	130.5871	115.3473	120.1580
0.0270	130.5871	115.3473	120.6759
0.0271	131.0992	115.8600	121.1938
0.0271	131.0992	115.8600	121.7118
0.0271	131.6114	116.3726	122.2297
0.0272	131.6114	116.3726	122.2297
0.0272	133.1477	116.3726	121.7118
0.0273	132.1235	116.3726	122.7476
0.0274	132.6356	116.8853	123.2655
0.0274	133.1477	117.3979	124.3014
0.0274	133.6598	117.9106	124.3014
0.0274	133.6598	118.4232	124.3014
0.0275	134.1719	118.4232	124.3014
0.0275	134.1719	118.9359	125.3372
0.0276	134.1719	118.9359	125.3372
0.0276	134.6840	119.4485	126.3731
0.0278	134.6840	119.4485	126.3731
0.0278	134.6840	119.9612	126.3731
0.0278	135.7082	119.9612	123.7835
0.0278	135.7082	120.4739	122.2297
0.0279	136.2203	120.4739	122.2297
0.0279	136.7324	120.4739	122.7476
0.0279	136.7324	120.9865	123.7835
0.0279	137.2445	120.9865	123.7835
0.0279	136.7324	122.0118	124.3014
0.0280	137.2445	121.4992	124.8193
0.0281	137.2445	122.0118	125.3372
0.0281	137.7566	123.0371	126.3731
0.0282	137.7566	123.0371	126.3731
0.0282	137.7566	123.0371	126.3731
0.0283	138.2687	123.5498	126.3731
0.0283	138.7808	123.5498	126.8910
0.0284	138.7808	123.5498	127.4089
0.0284	138.7808	124.0624	127.9268
0.0284	138.7808	124.5751	127.9268
0.0285	138.7808	125.0877	128.4448
0.0286	139.8051	125.0877	128.4448
0.0286	140.3172	125.0877	128.4448
0.0286	140.3172	126.1131	128.4448
0.0286	140.3172	126.1131	126.3731
0.0287	140.8293	126.6257	126.8910
0.0287	140.3172	127.1384	126.8910
0.0287	140.8293	127.6510	127.4089
0.0288	140.8293	127.6510	127.9268
0.0288	141.3414	128.6763	128.9627
0.0290	141.3414	128.6763	129.4806
0.0290	141.3414	128.6763	129.9985
0.0290	141.8535	129.1890	129.9985
0.0290	141.8535	129.7016	129.4806
0.0291	141.8535	130.2143	129.9985
0.0291	142.3656	130.7269	130.5165
0.0291	141.8535	131.2396	130.5165
0.0292	142.3656	130.7269	131.5523
0.0292	142.3656	131.7523	131.0344
0.0292	143.3898	131.7523	131.5523
0.0293	142.8777	132.2649	131.5523
0.0293	143.3898	132.7776	132.0702
0.0294	143.3898	132.7776	132.5881
0.0294	143.3898	133.2902	133.1061
0.0294	143.3898	133.2902	133.1061
0.0294	143.9019	133.8029	133.1061
0.0295	143.9019	134.3155	133.1061
0.0295	144.4140	134.3155	133.6240
0.0296	144.4140	134.3155	133.6240
0.0297	144.4140	134.8282	134.6598
0.0297	144.4140	135.3408	134.6598
0.0297	144.9261	135.8535	135.1778
0.0298	144.9261	135.8535	134.6598
0.0298	144.9261	135.8535	135.1778
0.0299	145.4382	136.3662	135.6957
0.0299	145.4382	136.8788	135.6957
0.0299	145.4382	136.8788	135.6957
0.0299	145.4382	136.8788	135.6957
0.0300	145.4382	136.8788	135.6957
0.0300	145.9503	137.3915	135.6957
0.0301	145.9503	137.3915	136.7315
0.0301	145.9503	137.9041	136.7315
0.0301	146.4624	137.9041	137.2494
0.0302	145.9503	137.3915	137.2494
0.0302	146.4624	137.3915	137.2494
0.0303	146.4624	138.4168	137.2494
0.0304	146.9745	138.4168	137.7674
0.0305	146.9745	138.9294	137.7674
0.0305	147.4867	138.9294	138.2853
0.0306	147.4867	138.9294	138.2853
0.0306	147.9988	139.4421	138.2853
0.0307	147.4867	140.4674	138.2853
0.0308	147.9988	140.4674	138.8032
0.0308	147.9988	140.4674	138.8032
0.0308	148.5109	140.4674	138.8032
0.0308	148.5109	140.4674	138.8032
0.0308	149.0230	140.4674	138.8032
0.0309	148.5109	140.9800	138.8032
0.0309	149.0230	141.4927	138.8032
0.0309	149.0230	141.4927	139.3211
0.0309	149.0230	141.4927	139.8391
0.0309	149.0230	141.4927	139.8391
0.0310	149.5351	141.4927	139.8391
0.0311	150.0472	140.9800	139.8391
0.0311	150.0472	142.0054	140.3570
0.0311	149.5351	142.5180	140.3570
0.0312	149.5351	142.5180	140.3570
0.0312	150.0472	142.5180	140.3570
0.0312	150.5593	142.5180	140.8749
0.0312	150.5593	143.0307	140.8749
0.0312	150.5593	142.5180	140.8749
0.0314	150.5593	143.0307	141.3928
0.0315	150.5593	143.0307	141.3928
0.0315	151.0714	143.5433	141.3928
0.0316	151.0714	143.5433	141.3928
0.0316	151.0714	143.5433	141.9107
0.0316	151.5835	144.0560	141.9107
0.0316	151.5835	144.0560	142.4287
0.0317	151.0714	144.5686	141.9107
0.0318	151.5835	144.0560	142.4287
0.0318	151.5835	144.5686	142.4287
0.0318	152.0956	144.5686	142.4287
0.0318	151.5835	145.5939	142.4287
0.0319	152.0956	145.0813	142.9466
0.0320	152.0956	145.0813	142.9466
0.0321	152.0956	145.5939	142.9466
0.0321	152.0956	145.5939	142.9466
0.0322	153.1198	145.5939	142.9466
0.0322	152.6077	146.1066	143.4645
0.0323	153.1198	146.1066	143.4645
0.0323	153.1198	146.1066	143.4645
0.0323	153.1198	146.1066	143.4645
0.0323	153.1198	146.6192	143.4645
0.0324	153.1198	146.6192	143.9824
0.0324	153.1198	147.1319	143.9824
0.0324	153.6319	147.1319	144.5004
0.0324	154.1440	147.1319	144.5004
0.0325	154.1440	147.1319	144.5004
0.0325	154.1440	147.1319	144.5004
0.0326	154.1440	147.6446	145.0183
0.0326	154.1440	147.6446	144.5004
0.0327	154.1440	147.6446	144.5004
0.0327	154.6561	148.1572	145.5362
0.0327	154.6561	148.1572	145.0183
0.0328	154.6561	148.6699	145.5362
0.0328	154.6561	149.1825	145.0183
0.0329	154.6561	148.1572	145.5362
0.0330	154.6561	148.6699	146.0541
0.0330	155.1682	149.1825	146.5720
0.0330	155.1682	149.1825	146.5720
0.0331	155.6804	149.1825	147.0900
0.0332	155.1682	149.6952	146.5720
0.0332	155.1682	149.1825	146.5720
0.0332	155.6804	149.1825	146.5720
0.0333	156.1925	149.6952	147.0900
0.0333	155.6804	150.2078	147.0900
0.0333	156.7046	150.2078	147.0900
0.0333	155.6804	150.2078	147.0900
0.0334	156.1925	150.2078	148.1258
0.0334	156.7046	150.2078	147.6079
0.0335	156.7046	150.7205	147.6079
0.0336	156.7046	150.7205	147.6079
0.0336	156.7046	150.7205	148.6437
0.0336	156.7046	151.2331	148.1258
0.0337	156.7046	150.7205	148.1258
0.0338	156.7046	151.2331	148.1258
0.0338	157.2167	151.2331	148.1258
0.0339	157.7288	151.2331	148.6437
0.0339	157.7288	151.7458	149.1617
0.0339	157.7288	151.7458	149.1617
0.0339	157.2167	152.2584	149.1617
0.0339	157.7288	152.2584	149.1617
0.0339	158.2409	152.2584	149.1617
0.0341	158.2409	152.2584	149.1617
0.0341	157.7288	152.2584	149.1617
0.0341	157.7288	152.2584	149.1617
0.0342	158.2409	152.7711	149.6796
0.0342	158.2409	152.2584	150.1975
0.0342	158.7530	152.2584	149.6796
0.0342	159.2651	152.2584	150.1975
0.0343	158.7530	153.2838	150.1975
0.0343	158.7530	153.2838	151.2333
0.0343	158.7530	153.7964	150.7154
0.0344	159.2651	153.2838	150.7154
0.0345	159.2651	153.2838	150.7154
0.0346	159.2651	153.2838	150.7154
0.0346	159.2651	153.2838	150.7154
0.0347	159.7772	153.7964	151.2333
0.0347	159.2651	154.3091	151.2333
0.0347	159.2651	153.7964	151.2333
0.0347	159.2651	153.7964	151.2333
0.0347	159.7772	153.7964	151.2333
0.0349	159.2651	153.7964	151.7513
0.0349	159.2651	154.3091	151.7513
0.0349	156.7046	154.8217	151.7513
0.0350	155.6804	154.8217	151.7513
0.0350	155.1682	154.8217	151.7513
0.0350	151.5835	154.8217	151.7513
0.0351	151.0714	154.8217	152.2692
0.0351	150.5593	154.8217	152.2692
0.0351	150.5593	155.3344	152.7871
0.0353	150.5593	155.3344	152.7871
0.0353	150.5593	155.3344	152.7871
0.0354	150.5593	154.8217	152.7871
0.0354	150.5593	155.3344	152.7871
0.0355	150.0472	155.3344	152.7871
0.0355	150.0472	155.3344	153.3050
0.0355	150.0472	156.3597	153.3050
0.0355	150.5593	155.3344	153.3050
0.0355	150.5593	155.8470	153.3050
0.0355	150.5593	155.8470	153.8230
0.0356	150.5593	156.3597	154.3409
0.0356	151.0714	156.3597	154.3409
0.0357	150.5593	156.8723	153.8230
0.0357	151.0714	156.3597	154.3409
0.0358	150.5593	156.3597	153.8230
0.0358	150.5593	156.3597	153.8230
0.0359	151.0714	156.8723	154.3409
0.0359	151.0714	157.3850	154.3409
0.0359	151.0714	157.8976	154.8588
0.0360	150.5593	157.3850	154.8588
0.0361	151.0714	156.8723	154.8588
0.0361	151.0714	156.8723	154.8588
0.0362	151.0714	157.3850	155.3767
0.0362	150.5593	157.8976	155.3767
0.0362	150.5593	158.4103	155.3767
0.0362	151.0714	158.4103	155.3767
0.0362	151.0714	158.4103	155.3767
0.0363	151.0714	158.4103	155.3767
0.0363	151.5835	158.4103	155.3767
0.0364	151.5835	158.9230	155.3767
0.0365	151.5835	158.9230	155.8947
0.0365	151.0714	158.9230	155.8947
0.0365	151.0714	158.4103	156.4126
0.0365	151.0714	158.9230	156.4126
0.0365	151.0714	158.9230	156.4126
0.0366	151.0714	159.4356	156.4126
0.0367	151.5835	158.9230	156.4126
0.0368	150.5593	159.4356	156.4126
0.0369	150.5593	159.4356	156.9305
0.0369	151.0714	159.4356	156.9305
0.0369	151.0714	159.4356	156.9305
0.0370	151.0714	159.4356	156.9305
0.0370	151.5835	159.9483	156.9305
0.0370	151.0714	159.9483	156.9305
0.0370	151.5835	159.9483	157.4484
0.0371	151.5835	159.9483	157.4484
0.0371	151.5835	159.9483	157.4484
0.0372	151.5835	159.9483	157.4484
0.0373	151.5835	159.9483	157.4484
0.0373	151.5835	159.9483	157.9663
0.0374	151.5835	159.9483	157.9663
0.0374	151.5835	159.9483	157.9663
0.0375	151.5835	159.9483	157.9663
0.0375	152.0956	159.9483	157.9663
0.0375	151.5835	159.9483	157.9663
0.0375	152.0956	160.4609	157.9663
0.0375	151.5835	160.4609	158.4843
0.0376	151.0714	160.4609	159.0022
0.0377	151.0714	160.4609	158.4843
0.0377	151.0714	160.4609	158.4843
0.0377	150.5593	160.9736	158.4843
0.0377	150.5593	160.4609	159.0022
0.0378	149.5351	160.9736	159.0022
0.0379	149.5351	158.9230	159.5201
0.0380	149.5351	158.4103	159.5201
0.0381	149.5351	157.8976	159.5201
0.0381	149.0230	157.8976	159.5201
0.0382	149.0230	157.8976	159.5201
0.0382	135.7082	157.8976	159.5201
0.0382	130.0750	156.8723	160.0380
0.0382	124.9540	156.8723	160.0380
0.0382	123.4177	156.8723	160.5560
0.0383	120.3450	156.8723	160.0380
0.0383	119.3208	156.3597	160.5560
0.0384	118.2966	156.3597	160.5560
0.0384	117.2724	156.3597	160.5560
0.0385	116.7603	156.3597	161.0739
0.0385	116.7603	156.3597	161.0739
0.0385	116.7603	155.8470	161.0739
0.0385	115.7361	155.3344	160.5560
0.0385	115.7361	152.2584	161.0739
0.0385	115.7361	150.7205	161.0739
0.0386	115.2239	149.1825	161.0739
0.0386	114.7118	147.1319	161.0739
0.0387	114.1997	142.0054	161.0739
0.0388	113.1755	136.8788	161.0739
0.0388	112.6634	136.3662	161.0739
0.0389	111.6392	135.8535	161.5918
0.0389	111.1271	135.3408	162.1097
0.0390	110.6150	134.8282	162.1097
0.0390	100.3729	134.3155	162.1097
0.0391	94.7397	134.3155	161.5918
0.0391	89.6186	134.3155	162.1097
0.0392	85.5218	134.3155	162.1097
0.0393	85.0097	133.8029	162.6276
0.0393	83.9855	133.8029	162.6276
0.0393	82.9612	133.8029	163.1456
0.0393	81.4249	134.3155	163.1456
0.0393	80.4007	133.8029	163.1456

