16.0641 0.0003
16.5996 0.0004
17.1351 0.0004
17.1351 0.0004
17.6706 0.0005
18.2060 0.0005
18.7415 0.0005
18.7415 0.0006
19.2770 0.0006
19.8124 0.0007
19.8124 0.0007
20.8834 0.0008
20.8834 0.0008
21.4189 0.0009
21.4189 0.0009
21.9543 0.0010
21.9543 0.0011
22.4898 0.0011
21.9543 0.0011
23.0253 0.0012
23.0253 0.0013
23.0253 0.0013
23.5607 0.0014
23.5607 0.0014
23.5607 0.0014
24.6317 0.0015
24.6317 0.0016
25.1672 0.0016
25.1672 0.0016
25.7026 0.0016
25.1672 0.0017
26.2381 0.0018
26.2381 0.0018
26.2381 0.0019
26.2381 0.0019
26.7736 0.0019
26.7736 0.0020
27.3090 0.0020
27.3090 0.0020
27.8445 0.0021
27.8445 0.0021
27.8445 0.0021
28.3800 0.0022
28.9155 0.0023
29.4509 0.0023
29.4509 0.0024
29.4509 0.0024
28.9155 0.0024
29.9864 0.0025
30.5219 0.0025
31.0573 0.0026
31.0573 0.0027
31.0573 0.0027
31.0573 0.0027
31.5928 0.0027
32.1283 0.0028
32.6638 0.0029
32.1283 0.0029
32.6638 0.0030
32.6638 0.0030
33.1992 0.0030
33.7347 0.0030
34.2702 0.0031
33.7347 0.0031
34.2702 0.0031
34.8056 0.0032
34.8056 0.0033
35.3411 0.0033
35.8766 0.0034
35.8766 0.0034
35.8766 0.0034
36.4121 0.0034
36.4121 0.0034
36.9475 0.0035
36.9475 0.0036
37.4830 0.0036
37.4830 0.0036
37.4830 0.0037
38.0185 0.0037
39.0894 0.0038
39.0894 0.0038
39.6249 0.0039
39.0894 0.0040
39.6249 0.0040
39.6249 0.0041
40.1604 0.0042
40.1604 0.0042
41.2313 0.0042
41.2313 0.0042
41.2313 0.0043
41.2313 0.0044
41.7668 0.0044
41.7668 0.0044
42.8377 0.0045
42.3022 0.0045
43.3732 0.0046
43.3732 0.0046
43.3732 0.0046
43.9087 0.0047
44.4441 0.0047
44.4441 0.0048
44.9796 0.0048
44.9796 0.0048
45.5151 0.0049
45.5151 0.0049
46.0505 0.0050
46.5860 0.0050
46.5860 0.0050
46.5860 0.0050
47.1215 0.0051
47.1215 0.0051
48.1924 0.0051
48.1924 0.0052
48.1924 0.0052
48.1924 0.0053
48.7279 0.0053
48.7279 0.0054
49.2634 0.0055
49.7988 0.0056
49.7988 0.0056
50.3343 0.0057
50.3343 0.0057
50.8698 0.0057
51.4053 0.0057
51.4053 0.0057
51.9407 0.0057
52.4762 0.0058
52.4762 0.0059
53.0117 0.0059
53.0117 0.0060
53.5471 0.0060
53.5471 0.0061
54.0826 0.0061
54.6181 0.0061
55.1536 0.0062
55.1536 0.0063
55.6890 0.0063
55.6890 0.0063
56.2245 0.0064
56.2245 0.0064
56.7600 0.0064
56.7600 0.0065
57.2954 0.0065
57.8309 0.0065
57.8309 0.0066
58.3664 0.0066
58.9019 0.0067
59.9728 0.0068
59.4373 0.0068
59.4373 0.0069
59.9728 0.0069
60.5083 0.0070
60.5083 0.0070
59.9728 0.0070
61.0437 0.0071
61.5792 0.0072
61.5792 0.0072
62.1147 0.0072
62.1147 0.0072
62.6502 0.0072
63.1856 0.0073
63.1856 0.0073
63.7211 0.0074
64.2566 0.0074
64.7920 0.0075
64.7920 0.0075
65.3275 0.0075
65.8630 0.0076
65.8630 0.0077
65.8630 0.0077
66.9339 0.0077
66.9339 0.0078
67.4694 0.0078
67.4694 0.0079
68.0049 0.0080
68.0049 0.0080
68.0049 0.0080
68.0049 0.0080
68.5403 0.0080
69.0758 0.0081
69.6113 0.0081
69.6113 0.0081
70.6822 0.0082
70.6822 0.0082
71.2177 0.0083
71.2177 0.0083
71.2177 0.0084
72.2886 0.0084
72.2886 0.0085
72.2886 0.0085
72.8241 0.0086
73.3596 0.0086
73.3596 0.0087
73.8951 0.0088
73.8951 0.0088
74.4305 0.0088
74.4305 0.0089
75.5015 0.0089
75.5015 0.0089
76.0369 0.0089
76.0369 0.0090
76.0369 0.0090
76.0369 0.0090
77.1079 0.0092
77.1079 0.0092
77.6434 0.0092
77.6434 0.0092
78.1788 0.0093
78.7143 0.0093
79.7852 0.0094
79.7852 0.0094
80.3207 0.0095
80.3207 0.0095
80.3207 0.0095
80.8562 0.0095
80.8562 0.0095
81.3917 0.0096
81.3917 0.0096
81.9271 0.0097
81.9271 0.0097
81.9271 0.0097
82.4626 0.0098
84.0690 0.0099
84.0690 0.0099
84.0690 0.0100
84.0690 0.0101
84.6045 0.0101
84.6045 0.0101
85.6754 0.0102
85.6754 0.0102
86.2109 0.0102
86.2109 0.0103
86.7464 0.0103
86.7464 0.0103
87.8173 0.0104
87.8173 0.0104
88.8883 0.0104
88.8883 0.0105
89.4237 0.0106
89.4237 0.0106
90.4947 0.0107
90.4947 0.0107
91.0301 0.0107
91.0301 0.0108
91.5656 0.0109
92.1011 0.0109
92.1011 0.0109
92.6366 0.0109
93.1720 0.0110
93.1720 0.0110
93.1720 0.0110
94.2430 0.0111
94.7784 0.0111
95.3139 0.0111
95.3139 0.0111
95.3139 0.0111
95.3139 0.0112
96.3849 0.0113
96.9203 0.0113
96.9203 0.0113
97.4558 0.0113
97.4558 0.0114
97.9913 0.0115
99.0622 0.0116
99.0622 0.0116
99.5977 0.0117
99.5977 0.0117
99.5977 0.0118
100.1332 0.0118
100.6686 0.0118
100.6686 0.0119
101.7396 0.0120
101.7396 0.0120
102.2750 0.0120
102.2750 0.0121
102.8105 0.0121
103.3460 0.0122
103.8815 0.0123
103.8815 0.0123
104.4169 0.0123
104.4169 0.0123
104.4169 0.0123
105.4879 0.0124
105.4879 0.0124
106.0233 0.0125
106.5588 0.0125
107.0943 0.0125
107.0943 0.0126
107.0943 0.0126
107.6298 0.0127
108.1652 0.0127
108.1652 0.0127
109.2362 0.0127
108.7007 0.0128
108.7007 0.0129
109.2362 0.0129
110.3071 0.0129
110.3071 0.0130
110.8426 0.0130
110.8426 0.0130
110.8426 0.0131
111.9135 0.0132
112.9845 0.0133
112.9845 0.0133
113.5199 0.0133
112.9845 0.0133
112.9845 0.0133
114.0554 0.0135
114.0554 0.0135
114.5909 0.0135
115.1264 0.0135
115.6618 0.0136
115.1264 0.0136
116.1973 0.0136
116.1973 0.0137
116.7328 0.0137
117.2683 0.0138
117.2683 0.0138
117.2683 0.0139
118.3392 0.0139
118.3392 0.0139
118.8747 0.0140
118.8747 0.0140
118.8747 0.0141
118.8747 0.0141
119.4101 0.0141
120.4811 0.0141
121.0166 0.0141
121.0166 0.0142
121.5520 0.0143
121.5520 0.0144
122.0875 0.0144
122.6230 0.0144
122.6230 0.0146
123.1584 0.0146
123.6939 0.0147
123.6939 0.0147
123.6939 0.0147
124.7649 0.0148
124.7649 0.0148
125.3003 0.0148
125.8358 0.0148
125.8358 0.0149
125.8358 0.0149
126.3713 0.0149
126.3713 0.0149
126.9067 0.0149
126.3713 0.0149
126.3713 0.0149
125.8358 0.0151
126.3713 0.0151
126.3713 0.0152
126.9067 0.0152
126.9067 0.0152
126.9067 0.0153
126.9067 0.0153
125.8358 0.0154
125.8358 0.0154
126.9067 0.0155
126.9067 0.0155
126.9067 0.0156
125.8358 0.0156
126.3713 0.0156
126.3713 0.0156
126.3713 0.0157
126.3713 0.0157
125.8358 0.0158
125.8358 0.0159
126.3713 0.0159
126.9067 0.0160
126.9067 0.0160
126.9067 0.0161
126.9067 0.0161
127.9777 0.0161
128.5132 0.0162
129.5841 0.0163
129.5841 0.0164
130.1196 0.0164
130.6550 0.0164
130.6550 0.0164
131.1905 0.0164
132.2615 0.0164
132.2615 0.0164
132.2615 0.0164
133.3324 0.0164
133.8679 0.0165
134.4033 0.0165
134.9388 0.0166
134.9388 0.0167
134.9388 0.0167
135.4743 0.0168
136.0098 0.0169
136.0098 0.0169
137.0807 0.0170
137.0807 0.0170
137.0807 0.0171
138.1516 0.0171
138.6871 0.0171
139.2226 0.0171
139.2226 0.0172
139.2226 0.0172
139.2226 0.0172
140.2935 0.0172
139.7581 0.0172
140.8290 0.0173
140.8290 0.0174
141.3645 0.0175
141.3645 0.0176
141.8999 0.0176
141.8999 0.0176
142.9709 0.0177
142.9709 0.0177
142.9709 0.0177
142.9709 0.0178
143.5064 0.0178
144.0418 0.0179
144.0418 0.0179
144.5773 0.0179
144.5773 0.0179
144.5773 0.0179
145.1128 0.0180
145.1128 0.0180
145.6482 0.0181
145.6482 0.0181
145.1128 0.0181
145.1128 0.0182
145.1128 0.0183
145.1128 0.0183
145.1128 0.0184
144.5773 0.0184
144.0418 0.0185
144.0418 0.0185
141.3645 0.0187
138.6871 0.0187
132.2615 0.0187
121.0166 0.0188
118.3392 0.0188
117.8037 0.0188
115.6618 0.0189
115.6618 0.0190
116.1973 0.0190
116.1973 0.0190
116.1973 0.0190
116.7328 0.0191
116.7328 0.0191
117.2683 0.0192
116.1973 0.0192
116.7328 0.0192
116.7328 0.0193
117.2683 0.0193
117.2683 0.0194
117.8037 0.0194
117.8037 0.0194
118.3392 0.0194
118.8747 0.0195
119.4101 0.0195
119.9456 0.0196
120.4811 0.0197
121.0166 0.0197
121.5520 0.0197
121.5520 0.0198
122.0875 0.0198
122.6230 0.0199
123.1584 0.0200
123.1584 0.0200
123.6939 0.0200
124.7649 0.0200
124.7649 0.0201
125.3003 0.0201
125.3003 0.0202
125.8358 0.0202
126.3713 0.0202
126.9067 0.0203
126.9067 0.0203
127.4422 0.0204
127.4422 0.0204
127.9777 0.0204
128.5132 0.0204
129.5841 0.0205
129.5841 0.0205
129.5841 0.0206
130.1196 0.0207
130.6550 0.0208
131.1905 0.0208
131.7260 0.0208
131.7260 0.0208
131.7260 0.0209
132.2615 0.0209
132.2615 0.0210
133.3324 0.0210
133.3324 0.0210
133.8679 0.0210
134.4033 0.0210
134.4033 0.0211
134.4033 0.0211
135.4743 0.0212
136.0098 0.0212
136.5452 0.0212
136.5452 0.0213
137.0807 0.0213
137.0807 0.0213
138.1516 0.0214
138.6871 0.0215
139.2226 0.0215
139.2226 0.0216
139.7581 0.0216
140.2935 0.0217
140.8290 0.0217
141.3645 0.0217
141.8999 0.0217
142.4354 0.0218
142.9709 0.0219
143.5064 0.0219
143.5064 0.0220
144.5773 0.0220
145.1128 0.0220
145.6482 0.0221
146.1837 0.0221
146.1837 0.0222
146.7192 0.0223
148.3256 0.0223
148.8611 0.0224
148.8611 0.0224
149.3965 0.0224
149.9320 0.0224
149.9320 0.0225
151.5384 0.0225
151.5384 0.0225
152.0739 0.0225
152.6094 0.0225
153.1448 0.0225
153.1448 0.0225
154.2158 0.0227
154.2158 0.0227
154.7513 0.0227
154.7513 0.0228
155.2867 0.0228
155.8222 0.0228
156.8931 0.0229
156.3577 0.0230
157.4286 0.0231
157.4286 0.0232
157.4286 0.0232
158.4996 0.0233
158.4996 0.0233
159.0350 0.0233
159.0350 0.0233
159.5705 0.0233
159.5705 0.0234
160.6414 0.0235
161.1769 0.0235
161.7124 0.0235
161.7124 0.0236
162.2479 0.0236
162.2479 0.0236
162.7833 0.0237
163.3188 0.0237
164.3897 0.0238
164.3897 0.0239
164.9252 0.0239
164.9252 0.0240
164.9252 0.0240
164.9252 0.0240
166.5316 0.0240
166.5316 0.0240
167.0671 0.0241
167.0671 0.0241
167.0671 0.0241
167.6026 0.0242
168.1380 0.0242
168.6735 0.0243
169.2090 0.0243
169.2090 0.0244
169.7445 0.0244
170.2799 0.0244
170.8154 0.0244
171.3509 0.0245
171.3509 0.0245
171.3509 0.0246
171.3509 0.0247
171.8863 0.0247
172.4218 0.0248
173.4928 0.0248
173.4928 0.0248
173.4928 0.0248
174.0282 0.0248
174.5637 0.0248
175.0992 0.0249
176.1701 0.0250
176.1701 0.0251
176.1701 0.0251
176.1701 0.0251
176.1701 0.0251
176.7056 0.0252
178.3120 0.0253
177.7765 0.0253
178.8475 0.0253
178.8475 0.0254
179.3829 0.0255
179.9184 0.0255
179.9184 0.0255
180.4539 0.0255
180.9894 0.0255
181.5248 0.0256
181.5248 0.0256
181.5248 0.0257
182.0603 0.0257
183.1312 0.0257
183.6667 0.0258
183.6667 0.0258
184.2022 0.0259
184.2022 0.0260
184.7377 0.0260
185.2731 0.0260
186.3441 0.0261
186.3441 0.0262
186.3441 0.0263
186.3441 0.0263
186.8795 0.0263
187.9505 0.0263
187.9505 0.0263
188.4860 0.0263
188.4860 0.0264
189.0214 0.0264
189.0214 0.0264
190.6278 0.0265
190.6278 0.0265
190.6278 0.0265
191.1633 0.0266
191.6988 0.0266
192.2343 0.0267
192.7697 0.0268
192.7697 0.0268
193.3052 0.0268
193.8407 0.0268
193.8407 0.0268
194.3761 0.0269
194.9116 0.0269
195.4471 0.0270
195.4471 0.0271
195.9826 0.0271
196.5180 0.0271
197.5890 0.0271
197.5890 0.0272
198.1244 0.0272
198.1244 0.0273
198.6599 0.0273
198.6599 0.0274
199.7309 0.0275
199.7309 0.0275
200.2663 0.0275
200.2663 0.0276
200.8018 0.0276
200.8018 0.0277
201.3373 0.0277
202.4082 0.0278
202.4082 0.0278
202.9437 0.0278
202.9437 0.0278
204.0146 0.0278
204.0146 0.0279
204.5501 0.0279
205.0856 0.0280
205.0856 0.0280
205.6210 0.0280
206.6920 0.0281
206.6920 0.0281
207.2275 0.0282
207.7629 0.0282
207.7629 0.0282
208.2984 0.0283
208.2984 0.0284
208.2984 0.0284
209.3693 0.0285
209.3693 0.0285
209.9048 0.0285
210.9758 0.0286
210.9758 0.0286
211.5112 0.0286
212.0467 0.0286
212.0467 0.0287
212.5822 0.0287
213.1176 0.0288
213.1176 0.0289
213.1176 0.0289
214.1886 0.0290
214.1886 0.0290
214.7241 0.0291
214.7241 0.0292
214.7241 0.0292
215.7950 0.0292
216.3305 0.0292
216.8659 0.0293
216.8659 0.0293
217.4014 0.0294
217.4014 0.0294
217.9369 0.0294
218.4724 0.0294
219.0078 0.0294
219.5433 0.0295
219.5433 0.0295
220.0788 0.0295
220.6142 0.0296
220.6142 0.0296
221.1497 0.0297
221.6852 0.0297
221.6852 0.0297
222.2207 0.0299
222.2207 0.0299
222.7561 0.0299
223.2916 0.0300
223.8271 0.0301
224.3625 0.0301
224.8980 0.0301
225.4335 0.0301
225.9690 0.0301
225.9690 0.0302
225.9690 0.0302
226.5044 0.0303
227.0399 0.0303
227.5754 0.0303
227.5754 0.0304
228.1108 0.0305
228.1108 0.0305
228.6463 0.0305
229.1818 0.0306
229.7173 0.0307
230.2527 0.0307
230.7882 0.0308
230.7882 0.0308
231.3237 0.0309
231.3237 0.0309
231.8591 0.0309
232.9301 0.0310
232.9301 0.0310
233.4656 0.0310
233.4656 0.0311
234.0010 0.0311
234.5365 0.0312
235.0720 0.0312
235.0720 0.0312
235.6074 0.0313
235.6074 0.0313
236.1429 0.0314
236.6784 0.0314
237.2139 0.0314
237.2139 0.0315
238.2848 0.0316
238.2848 0.0316
238.8203 0.0316
239.3557 0.0316
239.8912 0.0316
239.3557 0.0316
239.8912 0.0317
240.4267 0.0318
240.9622 0.0319
241.4976 0.0319
242.0331 0.0319
242.5686 0.0319
242.0331 0.0320
242.5686 0.0321
243.1040 0.0321
243.6395 0.0322
244.1750 0.0322
244.7105 0.0323
244.7105 0.0323
245.2459 0.0324
245.2459 0.0324
246.3169 0.0324
246.8523 0.0324
247.3878 0.0324
247.3878 0.0324
247.9233 0.0324
248.4588 0.0325
248.4588 0.0325
248.9942 0.0326
248.9942 0.0326
249.5297 0.0327
250.0652 0.0327
250.0652 0.0327
250.6006 0.0328
251.1361 0.0328
251.1361 0.0328
252.2071 0.0329
252.2071 0.0330
252.7425 0.0330
252.7425 0.0331
253.8135 0.0332
253.8135 0.0332
254.3489 0.0332
254.3489 0.0332
254.8844 0.0332
254.8844 0.0333
255.4199 0.0333
256.4908 0.0334
257.0263 0.0335
256.4908 0.0335
257.0263 0.0335
257.5618 0.0336
258.0972 0.0336
258.6327 0.0337
259.7037 0.0337
259.1682 0.0338
259.7037 0.0339
259.7037 0.0339
260.2391 0.0339
261.3101 0.0339
261.8455 0.0339
261.8455 0.0340
261.8455 0.0340
262.3810 0.0340
262.9165 0.0340
263.4520 0.0340
263.9874 0.0341
263.9874 0.0341
263.9874 0.0342
264.5229 0.0343
264.5229 0.0343
266.1293 0.0343
266.6648 0.0344
266.6648 0.0344
266.6648 0.0344
267.2003 0.0345
267.7357 0.0346
268.2712 0.0346
268.2712 0.0347
269.3421 0.0347
269.3421 0.0347
269.8776 0.0347
270.4131 0.0347
270.4131 0.0348
270.9486 0.0348
271.4840 0.0348
271.4840 0.0349
272.0195 0.0350
272.5550 0.0350
272.5550 0.0350
273.0904 0.0351
273.6259 0.0351
274.1614 0.0352
274.6969 0.0352
274.6969 0.0353
275.2323 0.0353
276.3033 0.0354
276.3033 0.0355
276.3033 0.0355
276.8387 0.0355
277.3742 0.0355
278.4452 0.0355
278.9806 0.0356
278.9806 0.0356
279.5161 0.0356
279.5161 0.0357
280.0516 0.0357
280.5870 0.0358
281.1225 0.0358
281.1225 0.0359
282.1935 0.0359
282.1935 0.0360
282.1935 0.0360
282.7289 0.0361
283.7999 0.0361
284.3353 0.0362
284.8708 0.0362
284.3353 0.0362
284.3353 0.0362
285.4063 0.0362
285.9418 0.0363
286.4772 0.0363
286.4772 0.0364
286.4772 0.0365
287.0127 0.0365
288.0836 0.0365
288.0836 0.0365
289.1546 0.0366
289.1546 0.0367
289.6901 0.0367
289.6901 0.0367
290.2255 0.0367
290.2255 0.0367
291.2965 0.0368
291.2965 0.0369
291.8319 0.0369
291.8319 0.0370
292.3674 0.0370
293.4384 0.0370
293.9738 0.0370
293.9738 0.0371
294.5093 0.0371
294.5093 0.0372
295.0448 0.0372
295.0448 0.0372
296.1157 0.0373
295.5802 0.0373
295.5802 0.0374
296.1157 0.0375
296.6512 0.0375
297.1867 0.0375
297.7221 0.0375
297.1867 0.0375
297.1867 0.0376
298.2576 0.0376
298.2576 0.0377
299.3285 0.0377
299.3285 0.0377
299.3285 0.0378
298.2576 0.0379
298.2576 0.0379
298.7931 0.0379
299.8640 0.0380
299.8640 0.0380
300.3995 0.0381
300.9350 0.0381
301.4704 0.0381
302.0059 0.0382
303.0768 0.0382
303.0768 0.0383
303.0768 0.0383
304.1478 0.0384
304.6833 0.0384
304.6833 0.0384
305.2187 0.0385
306.2897 0.0385
306.2897 0.0385
306.2897 0.0385
306.8251 0.0385
308.4316 0.0385
308.4316 0.0386
308.4316 0.0387
308.9670 0.0387
309.5025 0.0387
307.8961 0.0388
308.4316 0.0388
308.4316 0.0388
309.5025 0.0389
310.0380 0.0389
311.1089 0.0390
311.6444 0.0390
311.6444 0.0391
312.1799 0.0391
313.2508 0.0393
313.2508 0.0393
314.3217 0.0393
314.3217 0.0394
314.8572 0.0394
315.3927 0.0394
315.9282 0.0395
315.9282 0.0395
316.9991 0.0396
316.9991 0.0396
318.0700 0.0396
318.0700 0.0397
318.6055 0.0397
319.1410 0.0397
320.2119 0.0398
320.2119 0.0398
320.2119 0.0399
321.2829 0.0399
321.2829 0.0399
322.3538 0.0400
322.3538 0.0400
322.8893 0.0400
323.9602 0.0400
323.9602 0.0401
324.4957 0.0402
325.0312 0.0402
325.0312 0.0402
326.6376 0.0403
326.6376 0.0403
326.6376 0.0403
326.6376 0.0404
327.1731 0.0404
327.7085 0.0404
329.3149 0.0405
329.3149 0.0406
329.8504 0.0406
330.3859 0.0407
330.9214 0.0408
330.9214 0.0408
331.9923 0.0408
331.9923 0.0408
332.5278 0.0408
332.5278 0.0408
334.1342 0.0410
335.2051 0.0411
335.2051 0.0411
335.2051 0.0411
335.7406 0.0412
335.7406 0.0412
336.2761 0.0412
337.8825 0.0414
337.8825 0.0414
337.8825 0.0415
338.4180 0.0415
338.9534 0.0415
339.4889 0.0415
340.5598 0.0416
340.5598 0.0416
340.5598 0.0416
341.0953 0.0416
341.0953 0.0416
342.1663 0.0416
342.7017 0.0417
343.2372 0.0418
343.2372 0.0418
343.7727 0.0419
343.7727 0.0419
344.3081 0.0420
344.8436 0.0420
345.9146 0.0420
345.9146 0.0421
346.4500 0.0421
346.9855 0.0422
347.5210 0.0422
347.5210 0.0422
348.5919 0.0423
348.5919 0.0423
348.5919 0.0423
349.1274 0.0423
349.6629 0.0423
350.7338 0.0423
351.8048 0.0424
351.8048 0.0424
351.8048 0.0424
352.3402 0.0426
352.3402 0.0426
352.8757 0.0427
353.9466 0.0427
353.9466 0.0428
353.9466 0.0428
354.4821 0.0429
354.4821 0.0429
355.5531 0.0430
356.6240 0.0430
356.6240 0.0430
357.1595 0.0431
357.6949 0.0431
357.6949 0.0431
358.7659 0.0431
358.7659 0.0431
359.3014 0.0431
359.3014 0.0432
359.8368 0.0433
360.3723 0.0433
361.4432 0.0434
361.4432 0.0434
361.4432 0.0435
362.5142 0.0435
362.5142 0.0435
363.0497 0.0436
363.5851 0.0436
363.5851 0.0437
364.6561 0.0438
365.1915 0.0438
365.1915 0.0438
365.7270 0.0438
366.2625 0.0438
366.7980 0.0439
366.7980 0.0439
367.3334 0.0439
367.8689 0.0440
368.4044 0.0441
368.9398 0.0441
369.4753 0.0442
370.0108 0.0442
370.0108 0.0442
370.5463 0.0443
371.6172 0.0444
371.6172 0.0444
372.1527 0.0444
372.1527 0.0445
372.6881 0.0445
373.2236 0.0446
373.7591 0.0446
374.2946 0.0446
374.8300 0.0446
374.8300 0.0446
375.3655 0.0446
375.9010 0.0447
376.4364 0.0447
376.4364 0.0448
377.5074 0.0448
378.0429 0.0449
378.5783 0.0449
378.5783 0.0450
379.1138 0.0451
379.6493 0.0451
380.1847 0.0452
380.1847 0.0452
381.2557 0.0453
381.2557 0.0454
381.2557 0.0454
382.3266 0.0454
382.8621 0.0454
383.3976 0.0454
383.3976 0.0454
383.9330 0.0454
383.9330 0.0455
385.0040 0.0455
385.5395 0.0456
385.5395 0.0456
386.0749 0.0456
386.0749 0.0457
386.6104 0.0458
387.6813 0.0458
388.2168 0.0458
388.7523 0.0458
388.7523 0.0459
389.2878 0.0459
389.2878 0.0460
390.3587 0.0460
390.3587 0.0460
390.8942 0.0461
391.4296 0.0461
391.4296 0.0461
392.5006 0.0462
393.0361 0.0462
393.5715 0.0462
394.1070 0.0464
394.1070 0.0464
394.6425 0.0464
395.1779 0.0464
395.1779 0.0465
395.7134 0.0466
396.7844 0.0466
396.7844 0.0467
396.7844 0.0467
397.8553 0.0468
397.8553 0.0468
398.9262 0.0468
398.9262 0.0469
398.9262 0.0469
399.4617 0.0469
400.5327 0.0469
401.0681 0.0470
401.6036 0.0470
401.6036 0.0470
401.6036 0.0471
402.1391 0.0471
402.1391 0.0472
402.6745 0.0472
403.2100 0.0473
403.2100 0.0474
403.7455 0.0474
404.2810 0.0474
404.2810 0.0475
404.8164 0.0475
405.3519 0.0475
406.4228 0.0475
406.4228 0.0476
406.4228 0.0476
406.9583 0.0476
408.0293 0.0476
408.0293 0.0477
409.1002 0.0477
409.1002 0.0478
409.1002 0.0478
409.6357 0.0479
410.7066 0.0479
410.7066 0.0480
410.7066 0.0480
410.7066 0.0480
411.2421 0.0482
411.7776 0.0482
411.7776 0.0482
412.3130 0.0483
413.3840 0.0483
413.3840 0.0484
413.9194 0.0484
414.4549 0.0484
414.4549 0.0484
414.9904 0.0485
415.5259 0.0485
415.5259 0.0485
416.5968 0.0486
416.5968 0.0486
417.1323 0.0487
417.6677 0.0487
417.6677 0.0487
418.2032 0.0488
418.7387 0.0489
419.2742 0.0489
419.8096 0.0490
420.3451 0.0490
420.3451 0.0490
421.4160 0.0491
421.4160 0.0491
421.9515 0.0491
421.9515 0.0492
422.4870 0.0492
423.0225 0.0492
423.5579 0.0492
424.0934 0.0493
424.6289 0.0494
425.1643 0.0494
425.1643 0.0494
425.6998 0.0495
425.6998 0.0495
426.2353 0.0495
426.7708 0.0495
427.3062 0.0496
428.3772 0.0497
428.3772 0.0498
428.9126 0.0498
428.9126 0.0499
429.4481 0.0499
430.5191 0.0499
430.5191 0.0499
431.0545 0.0499
431.0545 0.0500
432.1255 0.0501
432.1255 0.0501
433.1964 0.0502
433.1964 0.0502
433.1964 0.0502
434.2674 0.0503
434.2674 0.0503
434.8028 0.0503
435.8738 0.0504
435.8738 0.0504
436.4092 0.0504
436.9447 0.0506
437.4802 0.0506
437.4802 0.0506
438.5511 0.0507
438.5511 0.0507
439.6221 0.0507
439.6221 0.0507
440.1575 0.0507
440.1575 0.0508
440.6930 0.0508
441.2285 0.0509
442.2994 0.0509
442.2994 0.0509
442.2994 0.0510
442.8349 0.0511
443.3704 0.0511
443.9058 0.0511
444.4413 0.0512
444.9768 0.0512
444.9768 0.0512
445.5123 0.0513
446.0477 0.0514
446.5832 0.0514
447.1187 0.0514
447.6541 0.0515
447.1187 0.0515
447.6541 0.0515
447.6541 0.0515
447.6541 0.0515
448.1896 0.0515
448.7251 0.0516
448.7251 0.0517
449.7960 0.0517
449.7960 0.0518
449.7960 0.0518
450.8670 0.0518
451.4024 0.0519
451.4024 0.0519
452.4734 0.0520
452.4734 0.0520
453.0089 0.0520
453.0089 0.0521
453.0089 0.0521
454.0798 0.0522
454.6153 0.0522
454.6153 0.0522
455.6862 0.0523
455.6862 0.0523
456.2217 0.0523
456.7572 0.0524
457.2926 0.0524
457.2926 0.0525
457.2926 0.0525
457.8281 0.0526
458.3636 0.0527
458.3636 0.0527
458.3636 0.0527
459.4345 0.0527
459.4345 0.0527
459.4345 0.0528
459.9700 0.0528
459.9700 0.0528
461.0409 0.0530
461.5764 0.0530
462.1119 0.0530
462.1119 0.0530
462.1119 0.0530
463.1828 0.0530
463.1828 0.0530
464.2538 0.0531
464.2538 0.0531
464.2538 0.0532
464.2538 0.0532
464.7892 0.0533
465.8602 0.0534
466.3956 0.0534
466.3956 0.0534
466.9311 0.0535
467.4666 0.0535
467.4666 0.0535
468.5375 0.0536
468.5375 0.0536
469.6085 0.0537
469.6085 0.0538
470.1439 0.0538
470.1439 0.0538
470.6794 0.0538
471.2149 0.0538
471.7504 0.0539
472.2858 0.0539
472.8213 0.0539
472.8213 0.0540
473.3568 0.0541
473.8922 0.0541
473.8922 0.0542
474.9632 0.0542
475.4987 0.0542
475.4987 0.0542
476.0341 0.0542
476.5696 0.0543
476.5696 0.0544
476.5696 0.0545
477.1051 0.0545
477.1051 0.0545
477.6405 0.0545
478.7115 0.0546
479.7824 0.0546
479.7824 0.0547
479.7824 0.0547
480.3179 0.0547
480.8534 0.0548
481.3888 0.0548
481.3888 0.0548
481.9243 0.0549
482.4598 0.0549
482.4598 0.0550
484.0662 0.0551
484.0662 0.0551
484.0662 0.0551
484.6017 0.0551
485.1371 0.0551
485.1371 0.0552
485.1371 0.0553
486.2081 0.0553
486.2081 0.0553
487.2790 0.0554
487.2790 0.0555
487.8145 0.0555
487.8145 0.0555
488.8854 0.0555
488.8854 0.0556
489.4209 0.0557
489.4209 0.0558
489.9564 0.0558
490.4919 0.0558
491.0273 0.0559
492.0983 0.0559
492.0983 0.0560
492.6337 0.0560
492.6337 0.0560
493.1692 0.0560
493.7047 0.0560
494.2402 0.0560
494.2402 0.0561
494.7756 0.0562
494.7756 0.0562
495.8466 0.0562
495.8466 0.0562
496.9175 0.0562
496.9175 0.0563
496.9175 0.0563
497.4530 0.0563
497.9885 0.0564
498.5239 0.0565
498.5239 0.0566
499.0594 0.0566
499.0594 0.0567
499.0594 0.0568
499.5949 0.0568
500.1303 0.0568
500.6658 0.0568
501.2013 0.0568
501.2013 0.0569
502.2722 0.0570
502.2722 0.0570
502.8077 0.0570
500.6658 0.0571
499.5949 0.0572
499.0594 0.0572
499.0594 0.0572
499.0594 0.0573
499.5949 0.0573
500.1303 0.0574
500.1303 0.0574
500.1303 0.0575
500.6658 0.0575
500.6658 0.0575
501.7368 0.0576
501.7368 0.0576
502.2722 0.0576
502.8077 0.0577
503.3432 0.0577
503.3432 0.0577
503.8786 0.0578
504.9496 0.0578
505.4851 0.0578
505.4851 0.0579
505.4851 0.0579
506.0205 0.0579
506.5560 0.0580
507.0915 0.0580
507.6269 0.0582
507.6269 0.0582
507.6269 0.0583
496.3820 0.0583
495.8466 0.0583
496.3820 0.0583
496.3820 0.0583
496.9175 0.0583
496.9175 0.0583
497.9885 0.0584
497.9885 0.0585
498.5239 0.0585
499.0594 0.0585
499.5949 0.0585
500.1303 0.0585
501.2013 0.0586
501.2013 0.0586
502.2722 0.0586
502.2722 0.0587
502.8077 0.0588
503.3432 0.0589
503.8786 0.0590
504.4141 0.0590
505.4851 0.0591
504.9496 0.0591
504.9496 0.0591
506.5560 0.0591
507.0915 0.0591
507.0915 0.0591
507.6269 0.0591
507.6269 0.0591
508.1624 0.0592
508.6979 0.0593
509.2334 0.0593
509.7688 0.0594
510.3043 0.0594
510.8398 0.0595
511.3752 0.0595
511.9107 0.0596
512.4462 0.0596
512.9817 0.0597
512.4462 0.0598
513.5171 0.0598
514.5881 0.0599
514.5881 0.0599
515.1235 0.0599
515.6590 0.0599
515.6590 0.0599
516.7300 0.0599
516.7300 0.0600
517.2654 0.0600
517.2654 0.0601
517.8009 0.0601
517.8009 0.0601
519.4073 0.0602
519.4073 0.0603
519.9428 0.0603
520.4783 0.0603
521.0137 0.0604
521.5492 0.0604
522.0847 0.0605
522.0847 0.0606
522.6201 0.0606
523.1556 0.0606
523.6911 0.0606
524.2266 0.0606
524.7620 0.0606
524.7620 0.0607
525.2975 0.0607
526.3684 0.0607
526.3684 0.0608
526.9039 0.0609
526.9039 0.0609
527.4394 0.0610
527.9749 0.0610
528.5103 0.0610
529.0458 0.0610
530.1167 0.0611
530.1167 0.0611
530.6522 0.0611
530.6522 0.0612
531.1877 0.0612
531.7232 0.0614
532.7941 0.0614
532.7941 0.0614
533.8650 0.0614
533.8650 0.0615
533.8650 0.0615
534.4005 0.0616
534.9360 0.0616
536.0069 0.0617
536.0069 0.0617
536.5424 0.0617
537.0779 0.0618
537.6133 0.0619
537.6133 0.0619
538.6843 0.0619
538.6843 0.0620
539.2198 0.0620
539.2198 0.0620
539.7552 0.0621
539.7552 0.0621
540.8262 0.0621
540.8262 0.0621
541.3616 0.0621
541.8971 0.0622
542.4326 0.0622
542.9681 0.0623
543.5035 0.0623
542.9681 0.0624
543.5035 0.0624
544.0390 0.0625
544.5745 0.0625
545.1099 0.0626
546.1809 0.0626
546.1809 0.0626
546.7164 0.0627
546.7164 0.0628
546.7164 0.0628
547.2518 0.0629
547.7873 0.0629
548.3228 0.0629
548.8582 0.0629
548.8582 0.0629
549.3937 0.0629
550.4647 0.0631
550.4647 0.0631
551.0001 0.0631
551.0001 0.0632
551.5356 0.0632
552.0711 0.0633
552.6065 0.0634
553.1420 0.0634
553.6775 0.0635
553.6775 0.0635
553.6775 0.0635
554.2130 0.0635
555.8194 0.0636
555.2839 0.0636
555.8194 0.0637
556.3548 0.0637
556.3548 0.0637
556.8903 0.0638
557.9613 0.0638
557.9613 0.0638
558.4967 0.0638
559.0322 0.0639
559.0322 0.0640
559.0322 0.0641
559.5677 0.0641
560.6386 0.0641
561.1741 0.0642
561.1741 0.0642
561.1741 0.0643
562.2450 0.0643
562.2450 0.0643
563.3160 0.0644
563.3160 0.0644
563.8514 0.0644
563.8514 0.0645
564.3869 0.0645
564.9224 0.0646
565.4579 0.0646
565.4579 0.0647
565.4579 0.0647
565.4579 0.0647
567.0643 0.0648
567.0643 0.0648
567.5997 0.0649
567.5997 0.0649
568.1352 0.0650
568.1352 0.0650
568.6707 0.0651
569.2062 0.0651
569.7416 0.0651
569.7416 0.0651
569.7416 0.0652
570.2771 0.0652
570.2771 0.0652
570.8126 0.0653
570.8126 0.0653
571.3480 0.0654
571.3480 0.0655
571.8835 0.0655
571.8835 0.0655
572.4190 0.0655
572.4190 0.0656
573.4899 0.0657
574.0254 0.0657
574.0254 0.0657
574.0254 0.0658
574.5609 0.0658
574.5609 0.0659
575.6318 0.0660
575.0963 0.0660
575.6318 0.0660
575.6318 0.0660
576.7028 0.0661
576.7028 0.0661
576.7028 0.0661
576.7028 0.0661
576.7028 0.0662
577.2382 0.0663
577.2382 0.0663
577.7737 0.0663
578.3092 0.0665
578.3092 0.0665
578.3092 0.0665
578.3092 0.0665
560.6386 0.0667
543.5035 0.0667
