9.5482 0.0004
10.6715 0.0004
10.6715 0.0004
10.6715 0.0004
11.2332 0.0005
11.7949 0.0005
12.3565 0.0005
12.3565 0.0006
12.9182 0.0006
12.9182 0.0007
13.4798 0.0007
13.4798 0.0008
14.6032 0.0008
14.6032 0.0008
15.1648 0.0009
15.1648 0.0009
15.1648 0.0009
15.7265 0.0009
16.8498 0.0010
16.2881 0.0010
17.4115 0.0010
17.4115 0.0011
17.9731 0.0011
18.5348 0.0011
18.5348 0.0011
19.0964 0.0011
19.6581 0.0012
19.6581 0.0013
20.2198 0.0013
20.7814 0.0013
21.3431 0.0013
21.9047 0.0014
21.9047 0.0015
21.9047 0.0015
22.4664 0.0015
23.0281 0.0016
23.0281 0.0017
23.5897 0.0017
24.1514 0.0017
24.1514 0.0017
24.7130 0.0018
24.7130 0.0018
25.2747 0.0019
25.8364 0.0019
26.3980 0.0019
26.3980 0.0020
26.3980 0.0020
27.5213 0.0020
27.5213 0.0021
28.0830 0.0021
28.0830 0.0021
28.6447 0.0022
28.6447 0.0022
28.6447 0.0022
29.2063 0.0022
29.7680 0.0023
30.3296 0.0024
30.8913 0.0024
30.8913 0.0025
31.4530 0.0025
32.0146 0.0026
32.0146 0.0026
32.5763 0.0026
33.1379 0.0027
33.1379 0.0027
33.1379 0.0027
33.6996 0.0028
33.6996 0.0028
34.8229 0.0029
34.8229 0.0029
35.3846 0.0029
35.3846 0.0030
35.9463 0.0030
35.9463 0.0030
36.5079 0.0031
37.0696 0.0032
37.0696 0.0033
37.0696 0.0033
37.6312 0.0033
38.1929 0.0033
38.1929 0.0034
38.1929 0.0034
39.3162 0.0035
39.3162 0.0036
39.3162 0.0036
39.8779 0.0037
39.8779 0.0037
39.8779 0.0037
41.0012 0.0038
41.0012 0.0038
41.5629 0.0039
41.5629 0.0040
42.1245 0.0040
42.6862 0.0040
43.2478 0.0041
43.2478 0.0041
43.2478 0.0042
43.8095 0.0042
43.8095 0.0042
44.9328 0.0042
44.3712 0.0044
44.9328 0.0044
44.9328 0.0045
45.4945 0.0045
46.0561 0.0045
46.6178 0.0046
46.0561 0.0046
46.6178 0.0047
47.1795 0.0048
47.7411 0.0048
47.7411 0.0048
48.8644 0.0049
48.3028 0.0049
48.8644 0.0050
48.8644 0.0050
49.4261 0.0050
49.4261 0.0050
50.5494 0.0051
49.9878 0.0052
50.5494 0.0052
51.1111 0.0053
51.1111 0.0053
51.1111 0.0053
51.1111 0.0054
51.6727 0.0054
51.6727 0.0054
52.7961 0.0056
52.7961 0.0056
53.3577 0.0056
53.9194 0.0057
53.9194 0.0057
53.9194 0.0057
54.4810 0.0057
55.0427 0.0058
55.6044 0.0058
55.6044 0.0059
56.1660 0.0059
56.1660 0.0060
56.7277 0.0060
56.7277 0.0060
57.2893 0.0061
57.8510 0.0061
58.4127 0.0061
58.4127 0.0062
58.4127 0.0063
58.9743 0.0063
60.0976 0.0064
60.0976 0.0064
60.0976 0.0064
60.0976 0.0065
60.6593 0.0065
61.2210 0.0065
61.2210 0.0065
61.7826 0.0066
61.7826 0.0068
61.7826 0.0068
62.3443 0.0068
62.9059 0.0069
62.9059 0.0069
64.0293 0.0070
64.0293 0.0070
64.5909 0.0070
64.5909 0.0071
65.1526 0.0071
65.1526 0.0072
65.7142 0.0072
65.7142 0.0072
66.2759 0.0072
66.2759 0.0072
66.2759 0.0073
67.3992 0.0074
67.3992 0.0074
67.9609 0.0074
69.0842 0.0075
69.0842 0.0075
69.0842 0.0075
69.0842 0.0076
69.6459 0.0076
70.2075 0.0076
70.7692 0.0077
70.7692 0.0077
70.7692 0.0078
71.3308 0.0079
71.3308 0.0079
71.8925 0.0080
72.4542 0.0080
72.4542 0.0080
72.4542 0.0080
73.0158 0.0081
73.5775 0.0081
74.1391 0.0082
74.7008 0.0083
75.2625 0.0083
74.7008 0.0084
75.2625 0.0084
75.8241 0.0085
75.8241 0.0085
75.8241 0.0085
76.9474 0.0087
76.9474 0.0088
76.9474 0.0088
77.5091 0.0088
77.5091 0.0088
78.0708 0.0088
78.6324 0.0088
79.1941 0.0088
79.1941 0.0088
79.7557 0.0089
79.7557 0.0089
80.3174 0.0089
80.3174 0.0091
80.8791 0.0091
81.4407 0.0091
82.0024 0.0092
82.0024 0.0092
82.5640 0.0093
82.5640 0.0094
82.5640 0.0094
82.5640 0.0094
83.6874 0.0095
84.2490 0.0095
84.8107 0.0095
84.8107 0.0095
84.8107 0.0095
84.8107 0.0096
85.3723 0.0096
85.9340 0.0097
86.4957 0.0099
86.4957 0.0099
87.0573 0.0099
87.0573 0.0099
87.0573 0.0100
87.6190 0.0100
88.7423 0.0101
88.7423 0.0101
88.7423 0.0101
88.7423 0.0102
89.3040 0.0103
89.8656 0.0103
90.4273 0.0103
90.9889 0.0103
90.9889 0.0103
90.9889 0.0104
90.9889 0.0104
92.1123 0.0104
92.1123 0.0105
92.1123 0.0105
92.6739 0.0105
93.2356 0.0106
93.2356 0.0107
94.3589 0.0107
94.3589 0.0107
94.9206 0.0108
94.9206 0.0108
94.9206 0.0108
94.9206 0.0109
95.4822 0.0109
96.0439 0.0110
96.6055 0.0111
96.6055 0.0111
97.1672 0.0111
97.1672 0.0112
97.1672 0.0112
98.2905 0.0113
98.2905 0.0113
98.8522 0.0113
98.8522 0.0114
99.4138 0.0114
99.4138 0.0115
100.5372 0.0115
100.5372 0.0115
101.0988 0.0116
101.0988 0.0117
101.0988 0.0117
101.0988 0.0118
102.2221 0.0118
102.2221 0.0118
102.7838 0.0118
102.7838 0.0119
103.3455 0.0119
103.3455 0.0119
103.9071 0.0120
103.9071 0.0120
105.0305 0.0120
105.0305 0.0121
105.0305 0.0122
105.0305 0.0123
106.1538 0.0123
106.1538 0.0123
106.7154 0.0124
106.7154 0.0125
106.7154 0.0125
107.2771 0.0125
107.2771 0.0126
108.4004 0.0126
108.4004 0.0126
108.9621 0.0127
109.5237 0.0127
109.5237 0.0127
109.5237 0.0128
110.0854 0.0128
110.0854 0.0129
110.0854 0.0129
110.6471 0.0129
110.6471 0.0129
111.2087 0.0130
112.3320 0.0131
112.3320 0.0132
112.8937 0.0132
112.8937 0.0133
112.8937 0.0133
113.4554 0.0133
114.5787 0.0133
114.5787 0.0133
115.1403 0.0133
115.1403 0.0134
115.1403 0.0134
115.7020 0.0135
116.2637 0.0135
116.2637 0.0136
117.3870 0.0136
117.3870 0.0137
117.3870 0.0138
117.9486 0.0138
117.9486 0.0138
118.5103 0.0139
119.0720 0.0140
119.0720 0.0140
119.0720 0.0141
119.6336 0.0141
119.6336 0.0141
120.7569 0.0141
120.7569 0.0142
120.7569 0.0143
121.3186 0.0143
122.4419 0.0144
122.4419 0.0144
123.0036 0.0144
123.0036 0.0145
123.0036 0.0145
123.0036 0.0145
123.5652 0.0145
123.5652 0.0146
124.1269 0.0146
124.6886 0.0146
124.6886 0.0147
124.6886 0.0148
125.8119 0.0148
125.2502 0.0148
125.8119 0.0148
126.3735 0.0149
126.9352 0.0149
126.9352 0.0149
126.9352 0.0150
127.4969 0.0151
128.0585 0.0151
128.0585 0.0151
128.6202 0.0152
128.0585 0.0154
127.4969 0.0154
126.9352 0.0154
126.9352 0.0155
127.4969 0.0156
128.0585 0.0156
128.6202 0.0156
128.6202 0.0156
128.6202 0.0156
128.6202 0.0156
128.6202 0.0156
128.6202 0.0157
129.1818 0.0158
129.1818 0.0158
129.7435 0.0158
128.6202 0.0159
129.1818 0.0159
129.1818 0.0160
129.1818 0.0160
129.1818 0.0160
129.1818 0.0161
129.1818 0.0161
129.7435 0.0162
130.3052 0.0163
130.8668 0.0163
130.8668 0.0164
131.4285 0.0164
131.4285 0.0164
131.4285 0.0164
132.5518 0.0164
132.5518 0.0164
133.1135 0.0165
133.6751 0.0165
133.6751 0.0165
134.2368 0.0166
134.2368 0.0167
134.7984 0.0167
134.7984 0.0167
135.3601 0.0168
135.3601 0.0168
135.9218 0.0169
136.4834 0.0170
136.4834 0.0170
137.0451 0.0171
137.0451 0.0171
137.0451 0.0171
137.6067 0.0172
137.6067 0.0172
138.1684 0.0172
138.1684 0.0172
138.1684 0.0172
139.2917 0.0172
139.2917 0.0174
139.2917 0.0174
139.2917 0.0175
139.8534 0.0175
139.8534 0.0175
139.8534 0.0176
140.4150 0.0177
140.4150 0.0177
140.9767 0.0178
141.5384 0.0178
141.5384 0.0178
140.9767 0.0179
140.9767 0.0179
140.9767 0.0179
141.5384 0.0179
140.9767 0.0179
140.4150 0.0180
138.7301 0.0181
136.4834 0.0181
131.9901 0.0182
127.4969 0.0182
120.7569 0.0183
117.9486 0.0184
117.3870 0.0184
117.3870 0.0184
117.3870 0.0185
117.3870 0.0185
117.3870 0.0186
117.9486 0.0187
117.9486 0.0187
117.9486 0.0187
117.9486 0.0187
117.9486 0.0187
117.9486 0.0188
117.9486 0.0188
118.5103 0.0188
118.5103 0.0189
117.9486 0.0190
117.9486 0.0190
118.5103 0.0191
118.5103 0.0192
119.0720 0.0192
118.5103 0.0192
119.0720 0.0192
118.5103 0.0193
118.5103 0.0193
118.5103 0.0194
118.5103 0.0194
118.5103 0.0194
118.5103 0.0195
118.5103 0.0196
119.0720 0.0197
119.0720 0.0197
119.6336 0.0198
119.6336 0.0198
120.1953 0.0199
120.1953 0.0199
120.1953 0.0199
120.7569 0.0199
120.7569 0.0199
120.7569 0.0199
120.7569 0.0200
121.8803 0.0201
121.8803 0.0201
123.0036 0.0202
123.0036 0.0202
123.0036 0.0202
123.0036 0.0202
123.5652 0.0203
123.5652 0.0203
124.1269 0.0204
124.1269 0.0204
124.1269 0.0204
124.6886 0.0205
124.6886 0.0205
125.2502 0.0205
126.9352 0.0206
126.9352 0.0206
126.9352 0.0207
126.9352 0.0207
127.4969 0.0208
128.0585 0.0208
129.1818 0.0209
129.1818 0.0209
129.7435 0.0209
129.7435 0.0210
130.3052 0.0210
130.8668 0.0210
131.9901 0.0211
133.1135 0.0211
134.2368 0.0211
134.2368 0.0211
134.7984 0.0212
135.3601 0.0212
135.9218 0.0213
137.0451 0.0213
137.6067 0.0215
137.6067 0.0215
138.7301 0.0215
139.2917 0.0215
140.4150 0.0215
141.5384 0.0216
141.5384 0.0216
142.1000 0.0217
142.6617 0.0217
143.2233 0.0217
143.7850 0.0218
144.3467 0.0218
144.9083 0.0218
146.0316 0.0219
146.0316 0.0219
146.5933 0.0220
147.1550 0.0220
147.1550 0.0220
147.7166 0.0220
148.2783 0.0221
148.8399 0.0221
149.4016 0.0221
149.9633 0.0222
150.5249 0.0223
150.5249 0.0223
151.0866 0.0224
151.6482 0.0224
151.6482 0.0224
152.2099 0.0225
152.7716 0.0225
152.7716 0.0225
153.3332 0.0226
153.3332 0.0226
153.8949 0.0227
154.4565 0.0228
155.0182 0.0228
155.0182 0.0229
156.1415 0.0229
156.1415 0.0229
156.7032 0.0231
157.2648 0.0231
157.2648 0.0231
157.8265 0.0232
157.8265 0.0232
158.3882 0.0232
158.9498 0.0233
158.9498 0.0233
160.0731 0.0233
160.6348 0.0234
161.1965 0.0234
161.7581 0.0234
162.3198 0.0235
162.8814 0.0235
162.3198 0.0235
162.8814 0.0236
162.8814 0.0236
163.4431 0.0237
164.0048 0.0237
165.1281 0.0237
165.1281 0.0238
165.1281 0.0238
165.6897 0.0239
165.6897 0.0240
166.2514 0.0240
166.8131 0.0240
166.8131 0.0240
167.3747 0.0241
167.3747 0.0242
167.3747 0.0242
168.4980 0.0243
169.0597 0.0243
169.6214 0.0243
170.1830 0.0244
170.1830 0.0244
170.1830 0.0244
171.3063 0.0246
171.3063 0.0247
172.4297 0.0247
172.4297 0.0247
172.4297 0.0248
172.9913 0.0248
172.9913 0.0248
174.1146 0.0248
174.6763 0.0248
174.6763 0.0249
175.2380 0.0249
175.2380 0.0250
175.2380 0.0250
176.3613 0.0250
176.9230 0.0250
176.9230 0.0250
176.9230 0.0251
176.9230 0.0251
177.4846 0.0252
178.6079 0.0252
179.1696 0.0253
179.1696 0.0253
179.7313 0.0254
179.7313 0.0255
180.2929 0.0255
180.8546 0.0255
181.4162 0.0255
181.4162 0.0255
181.4162 0.0255
181.4162 0.0256
182.5396 0.0257
183.1012 0.0257
183.6629 0.0258
184.2245 0.0258
184.2245 0.0259
184.2245 0.0259
184.7862 0.0260
184.7862 0.0260
185.9095 0.0260
185.9095 0.0260
186.4712 0.0261
186.4712 0.0262
187.0328 0.0262
187.0328 0.0263
188.1562 0.0263
188.7178 0.0263
188.7178 0.0264
188.7178 0.0264
189.2795 0.0264
189.8411 0.0266
189.8411 0.0266
190.4028 0.0266
190.9645 0.0266
190.9645 0.0266
192.0878 0.0266
192.0878 0.0267
192.0878 0.0267
192.6494 0.0268
193.2111 0.0269
193.2111 0.0269
193.7728 0.0269
193.7728 0.0270
194.3344 0.0271
195.4577 0.0271
195.4577 0.0271
196.0194 0.0271
196.0194 0.0272
196.0194 0.0272
196.5811 0.0272
197.7044 0.0273
197.7044 0.0273
198.2660 0.0274
198.8277 0.0274
198.8277 0.0275
199.9510 0.0275
199.9510 0.0276
199.9510 0.0276
200.5127 0.0277
200.5127 0.0277
201.0743 0.0278
201.0743 0.0278
201.6360 0.0278
201.6360 0.0278
203.3210 0.0278
202.7593 0.0279
203.3210 0.0279
203.8826 0.0280
203.8826 0.0280
204.4443 0.0280
205.0060 0.0280
205.5676 0.0280
205.5676 0.0281
206.1293 0.0281
206.1293 0.0282
207.2526 0.0282
207.2526 0.0284
207.2526 0.0284
207.8143 0.0285
207.8143 0.0285
207.8143 0.0285
208.9376 0.0286
209.4992 0.0286
209.4992 0.0286
209.4992 0.0287
210.6226 0.0287
210.0609 0.0287
210.6226 0.0288
211.1842 0.0288
211.1842 0.0289
211.7459 0.0290
212.3075 0.0290
212.3075 0.0290
212.8692 0.0291
212.8692 0.0291
213.4309 0.0291
213.4309 0.0291
213.9925 0.0292
214.5542 0.0293
214.5542 0.0293
215.1158 0.0293
215.6775 0.0294
215.6775 0.0294
216.2392 0.0294
216.2392 0.0295
216.8008 0.0295
217.3625 0.0295
217.3625 0.0296
218.4858 0.0296
218.4858 0.0297
218.4858 0.0297
219.0475 0.0298
219.6091 0.0299
219.6091 0.0299
219.6091 0.0299
220.1708 0.0300
220.1708 0.0300
220.7324 0.0301
221.2941 0.0301
221.8558 0.0301
222.4174 0.0301
222.4174 0.0301
222.4174 0.0302
222.9791 0.0302
222.9791 0.0302
224.1024 0.0302
224.1024 0.0303
224.1024 0.0303
224.1024 0.0303
225.2257 0.0305
225.2257 0.0305
225.7874 0.0306
226.3490 0.0307
226.3490 0.0307
226.9107 0.0307
226.9107 0.0307
226.9107 0.0308
227.4724 0.0309
228.0340 0.0309
229.1573 0.0309
228.5957 0.0309
229.1573 0.0309
229.7190 0.0310
230.2807 0.0310
230.8423 0.0310
231.4040 0.0311
231.4040 0.0311
231.4040 0.0312
231.9656 0.0312
232.5273 0.0312
232.5273 0.0313
233.0890 0.0314
233.0890 0.0314
233.0890 0.0315
233.6506 0.0316
234.2123 0.0316
234.7739 0.0316
235.3356 0.0316
235.8973 0.0317
235.8973 0.0318
236.4589 0.0318
236.4589 0.0318
237.5822 0.0318
237.5822 0.0319
238.1439 0.0319
238.7056 0.0319
238.1439 0.0320
238.7056 0.0320
239.2672 0.0320
239.8289 0.0321
240.9522 0.0322
240.9522 0.0322
240.9522 0.0323
241.5139 0.0323
242.0755 0.0323
242.6372 0.0324
242.6372 0.0324
243.1988 0.0324
243.1988 0.0324
243.7605 0.0324
244.3222 0.0325
244.3222 0.0325
245.4455 0.0326
245.4455 0.0327
246.0072 0.0327
246.5688 0.0328
246.5688 0.0328
247.1305 0.0329
247.6921 0.0329
247.6921 0.0329
247.6921 0.0329
248.2538 0.0330
249.3771 0.0331
249.9388 0.0331
249.3771 0.0332
249.3771 0.0332
249.9388 0.0332
251.0621 0.0332
251.0621 0.0333
251.6238 0.0333
251.6238 0.0334
252.1854 0.0334
252.1854 0.0334
253.3087 0.0335
253.3087 0.0335
254.9937 0.0335
254.4321 0.0336
254.9937 0.0336
254.9937 0.0337
255.5554 0.0338
256.1170 0.0338
256.6787 0.0339
256.6787 0.0339
257.2404 0.0339
257.2404 0.0339
257.8020 0.0339
258.3637 0.0339
259.4870 0.0340
259.4870 0.0340
259.4870 0.0340
259.4870 0.0342
260.0487 0.0343
260.6103 0.0343
261.1720 0.0343
261.7336 0.0343
262.2953 0.0344
261.7336 0.0344
261.7336 0.0344
262.8570 0.0346
263.4186 0.0346
263.4186 0.0346
263.9803 0.0347
265.1036 0.0347
264.5419 0.0347
265.6653 0.0347
266.2269 0.0347
266.7886 0.0347
266.7886 0.0349
266.7886 0.0350
267.3502 0.0350
267.9119 0.0351
267.9119 0.0351
269.5969 0.0352
269.0352 0.0352
269.5969 0.0352
269.5969 0.0352
269.5969 0.0352
270.1585 0.0353
271.2819 0.0353
271.2819 0.0353
271.2819 0.0353
271.8435 0.0354
272.4052 0.0354
272.9668 0.0355
274.0902 0.0355
274.0902 0.0355
274.0902 0.0355
274.6518 0.0356
275.2135 0.0357
275.7751 0.0358
275.7751 0.0358
275.7751 0.0358
276.3368 0.0359
277.4601 0.0360
276.8985 0.0360
278.0218 0.0360
278.5834 0.0360
279.1451 0.0361
279.1451 0.0361
279.7068 0.0361
279.7068 0.0362
280.8301 0.0362
280.8301 0.0362
280.8301 0.0362
281.3917 0.0363
281.9534 0.0364
282.5151 0.0364
282.5151 0.0365
283.0767 0.0365
283.6384 0.0366
284.2000 0.0366
284.2000 0.0366
285.3234 0.0366
285.3234 0.0367
285.8850 0.0367
285.8850 0.0367
286.4467 0.0367
286.4467 0.0368
287.5700 0.0369
288.1317 0.0370
288.1317 0.0370
289.2550 0.0370
289.2550 0.0370
289.8166 0.0370
290.3783 0.0371
290.3783 0.0371
290.9400 0.0372
292.0633 0.0372
291.5016 0.0372
292.0633 0.0373
292.6249 0.0373
293.1866 0.0374
293.7483 0.0374
293.7483 0.0375
293.7483 0.0375
294.8716 0.0376
295.4332 0.0376
295.4332 0.0376
295.9949 0.0376
296.5566 0.0377
296.5566 0.0377
297.6799 0.0377
298.2415 0.0378
298.2415 0.0378
299.3649 0.0379
298.8032 0.0379
298.8032 0.0380
299.3649 0.0380
299.9265 0.0381
300.4882 0.0382
301.0498 0.0382
301.0498 0.0383
301.6115 0.0383
302.1732 0.0384
302.7348 0.0384
303.2965 0.0384
303.8581 0.0385
303.8581 0.0385
303.8581 0.0385
304.4198 0.0385
304.9815 0.0386
305.5431 0.0386
306.1048 0.0386
306.1048 0.0387
306.1048 0.0387
307.7898 0.0388
307.7898 0.0388
307.7898 0.0388
308.3514 0.0390
308.3514 0.0390
308.9131 0.0391
308.9131 0.0392
309.4747 0.0392
310.5981 0.0393
310.5981 0.0393
310.5981 0.0393
311.7214 0.0393
312.2830 0.0393
312.2830 0.0393
312.8447 0.0394
312.8447 0.0394
313.4064 0.0394
313.4064 0.0394
313.9680 0.0395
314.5297 0.0395
315.0914 0.0395
315.6530 0.0395
316.2147 0.0396
316.2147 0.0397
317.3380 0.0398
317.3380 0.0398
317.8997 0.0398
317.8997 0.0399
318.4613 0.0399
318.4613 0.0399
319.0230 0.0400
320.1463 0.0400
320.1463 0.0400
320.7080 0.0400
320.7080 0.0401
321.2696 0.0401
321.8313 0.0402
322.3929 0.0403
322.9546 0.0403
322.9546 0.0404
322.9546 0.0404
323.5163 0.0404
324.0779 0.0405
324.6396 0.0406
325.2012 0.0406
325.7629 0.0407
325.7629 0.0407
326.3246 0.0407
326.8862 0.0408
326.8862 0.0408
327.4479 0.0408
328.0095 0.0409
328.5712 0.0409
329.1329 0.0409
329.1329 0.0410
329.6945 0.0410
330.8178 0.0411
330.8178 0.0411
331.3795 0.0411
331.3795 0.0412
331.9412 0.0412
331.9412 0.0412
332.5028 0.0413
333.0645 0.0414
333.6261 0.0414
333.6261 0.0415
334.7495 0.0415
334.7495 0.0416
335.3111 0.0416
335.8728 0.0416
336.4344 0.0416
336.4344 0.0416
337.5578 0.0417
337.5578 0.0417
337.5578 0.0418
338.1194 0.0418
338.1194 0.0419
338.6811 0.0419
339.2427 0.0420
339.8044 0.0420
340.3661 0.0421
340.9277 0.0421
341.4894 0.0422
342.0510 0.0422
342.0510 0.0423
342.6127 0.0423
343.1744 0.0423
343.7360 0.0423
343.7360 0.0423
344.2977 0.0424
344.2977 0.0424
344.2977 0.0425
345.4210 0.0426
345.9827 0.0426
346.5443 0.0426
347.1060 0.0426
347.1060 0.0427
347.6676 0.0427
347.6676 0.0427
348.2293 0.0428
348.7910 0.0428
349.9143 0.0429
349.9143 0.0430
350.4759 0.0430
350.4759 0.0431
351.0376 0.0431
351.5993 0.0431
351.5993 0.0431
352.7226 0.0431
352.7226 0.0431
353.2842 0.0432
353.8459 0.0433
354.4076 0.0433
354.4076 0.0433
354.9692 0.0434
355.5309 0.0434
356.0925 0.0434
356.0925 0.0435
356.6542 0.0436
356.6542 0.0436
357.7775 0.0436
357.7775 0.0437
358.3392 0.0438
358.9008 0.0438
358.9008 0.0438
359.4625 0.0438
360.0242 0.0438
360.5858 0.0438
361.1475 0.0439
361.1475 0.0439
361.7091 0.0440
361.7091 0.0440
362.2708 0.0441
362.8325 0.0441
363.3941 0.0442
363.3941 0.0442
363.9558 0.0443
364.5174 0.0443
365.0791 0.0443
365.6408 0.0444
366.2024 0.0444
366.2024 0.0445
366.7641 0.0446
367.3257 0.0446
367.3257 0.0446
367.8874 0.0446
368.4491 0.0446
369.0107 0.0446
369.5724 0.0447
370.1340 0.0449
370.1340 0.0449
370.6957 0.0449
370.6957 0.0449
371.2574 0.0449
371.8190 0.0450
372.3807 0.0451
372.9423 0.0451
374.0657 0.0451
373.5040 0.0451
374.0657 0.0451
374.6273 0.0452
375.1890 0.0453
375.7506 0.0453
375.7506 0.0454
375.7506 0.0454
376.3123 0.0454
376.8740 0.0454
377.4356 0.0454
377.9973 0.0455
377.9973 0.0455
378.5589 0.0455
379.1206 0.0456
379.1206 0.0456
379.6823 0.0458
380.8056 0.0459
381.3672 0.0459
381.9289 0.0459
381.9289 0.0460
381.9289 0.0460
383.0522 0.0460
383.6139 0.0460
383.6139 0.0461
384.1755 0.0461
384.7372 0.0462
384.7372 0.0462
384.7372 0.0462
385.2989 0.0462
386.4222 0.0463
386.4222 0.0463
386.4222 0.0464
386.9839 0.0465
388.1072 0.0465
388.6688 0.0466
389.2305 0.0466
389.7922 0.0466
389.7922 0.0466
389.2305 0.0467
390.3538 0.0467
390.3538 0.0467
391.4771 0.0468
391.4771 0.0468
392.0388 0.0468
392.6005 0.0469
393.1621 0.0469
393.7238 0.0469
394.2854 0.0470
394.8471 0.0470
395.4088 0.0470
395.4088 0.0471
395.9704 0.0472
395.9704 0.0472
397.0937 0.0473
397.0937 0.0474
398.2171 0.0474
397.6554 0.0474
398.2171 0.0474
398.2171 0.0475
399.3404 0.0476
399.3404 0.0476
399.9020 0.0477
399.9020 0.0477
399.9020 0.0477
401.0254 0.0477
401.5870 0.0478
402.1487 0.0479
402.7103 0.0480
402.7103 0.0480
402.7103 0.0480
403.2720 0.0480
403.8337 0.0481
404.3953 0.0481
404.9570 0.0482
404.9570 0.0482
404.9570 0.0482
406.0803 0.0482
406.6420 0.0482
407.2036 0.0483
407.2036 0.0483
407.2036 0.0483
407.7653 0.0484
408.3269 0.0484
408.8886 0.0484
409.4503 0.0485
409.4503 0.0485
410.0119 0.0485
410.5736 0.0486
411.1352 0.0487
411.6969 0.0487
412.2586 0.0487
412.2586 0.0488
412.8202 0.0488
412.8202 0.0490
413.3819 0.0490
413.9435 0.0491
414.5052 0.0492
414.5052 0.0492
415.6285 0.0492
415.6285 0.0492
416.1902 0.0492
416.7518 0.0492
417.3135 0.0493
417.3135 0.0493
417.3135 0.0493
418.4368 0.0493
418.4368 0.0493
418.9985 0.0494
418.9985 0.0495
420.1218 0.0495
420.6835 0.0496
420.6835 0.0497
421.2451 0.0497
422.3684 0.0498
422.3684 0.0499
423.4918 0.0499
423.4918 0.0499
423.4918 0.0499
424.0534 0.0499
424.0534 0.0499
424.6151 0.0499
425.1767 0.0501
425.7384 0.0501
426.3001 0.0501
426.8617 0.0501
426.8617 0.0502
427.4234 0.0502
427.4234 0.0502
427.9850 0.0503
429.1084 0.0503
429.1084 0.0504
429.1084 0.0505
430.2317 0.0505
430.7933 0.0506
431.3550 0.0506
431.9167 0.0507
431.9167 0.0507
432.4783 0.0507
433.0400 0.0507
433.6016 0.0509
433.6016 0.0509
434.1633 0.0509
434.7250 0.0509
434.7250 0.0509
434.7250 0.0510
435.2866 0.0510
436.4099 0.0511
436.9716 0.0511
436.9716 0.0511
437.5333 0.0511
438.0949 0.0512
438.6566 0.0512
439.2182 0.0513
439.2182 0.0513
439.7799 0.0513
440.3416 0.0514
440.9032 0.0514
441.4649 0.0515
441.4649 0.0515
442.0265 0.0515
442.5882 0.0515
442.5882 0.0516
443.1499 0.0516
443.7115 0.0517
444.2732 0.0518
444.8348 0.0518
445.3965 0.0519
445.3965 0.0519
445.9582 0.0519
446.5198 0.0519
446.5198 0.0520
447.0815 0.0520
447.6431 0.0521
448.2048 0.0522
448.2048 0.0522
449.3281 0.0522
449.3281 0.0522
449.8898 0.0523
449.8898 0.0523
451.0131 0.0524
451.0131 0.0524
451.0131 0.0525
451.5748 0.0525
451.5748 0.0526
452.6981 0.0526
453.2597 0.0527
453.8214 0.0527
454.3831 0.0528
454.3831 0.0528
455.5064 0.0528
455.5064 0.0529
455.5064 0.0529
456.6297 0.0530
457.1914 0.0530
457.1914 0.0530
457.7530 0.0531
458.3147 0.0531
458.8764 0.0531
423.4918 0.0533
421.8068 0.0533
421.2451 0.0533
421.2451 0.0534
421.8068 0.0534
422.3684 0.0534
423.4918 0.0536
423.4918 0.0536
425.1767 0.0536
425.1767 0.0537
425.1767 0.0537
426.3001 0.0538
426.8617 0.0538
427.9850 0.0538
427.9850 0.0538
428.5467 0.0538
429.6700 0.0538
430.2317 0.0538
431.3550 0.0539
431.9167 0.0539
431.9167 0.0540
433.0400 0.0540
434.1633 0.0541
434.1633 0.0541
434.7250 0.0542
435.8483 0.0542
436.4099 0.0543
436.4099 0.0543
437.5333 0.0544
438.0949 0.0545
438.6566 0.0545
440.3416 0.0545
440.9032 0.0545
441.4649 0.0545
441.4649 0.0546
442.0265 0.0546
442.5882 0.0547
443.1499 0.0547
443.7115 0.0547
445.3965 0.0548
445.3965 0.0549
445.9582 0.0550
447.0815 0.0550
447.0815 0.0550
447.6431 0.0551
448.7665 0.0551
448.7665 0.0551
449.8898 0.0552
450.4514 0.0553
450.4514 0.0553
451.5748 0.0553
452.6981 0.0553
452.6981 0.0553
453.2597 0.0553
453.8214 0.0553
454.3831 0.0554
455.5064 0.0554
455.5064 0.0555
456.6297 0.0555
457.1914 0.0555
457.1914 0.0556
457.7530 0.0557
458.3147 0.0558
458.3147 0.0558
459.9997 0.0558
460.5613 0.0559
460.5613 0.0559
461.1230 0.0560
462.2463 0.0560
462.2463 0.0560
462.8080 0.0561
463.3696 0.0561
463.9313 0.0561
464.4930 0.0561
465.0546 0.0562
465.6163 0.0562
466.1779 0.0563
466.1779 0.0563
466.7396 0.0563
467.8629 0.0564
468.4246 0.0565
468.9862 0.0565
468.9862 0.0565
469.5479 0.0566
470.1096 0.0567
470.6712 0.0568
470.6712 0.0568
471.7945 0.0568
472.9179 0.0568
472.9179 0.0569
473.4795 0.0569
473.4795 0.0569
474.0412 0.0570
475.1645 0.0570
474.6028 0.0570
476.2878 0.0571
476.2878 0.0571
476.2878 0.0572
476.8495 0.0572
477.4111 0.0573
478.5345 0.0574
478.5345 0.0574
478.5345 0.0574
479.6578 0.0574
479.6578 0.0575
480.2194 0.0575
480.7811 0.0576
480.7811 0.0576
481.3428 0.0576
482.4661 0.0576
483.0277 0.0577
483.0277 0.0577
483.5894 0.0578
484.1511 0.0578
484.7127 0.0579
485.2744 0.0579
485.2744 0.0579
485.8360 0.0580
486.3977 0.0581
487.5210 0.0582
487.5210 0.0582
488.0827 0.0582
488.0827 0.0583
488.6443 0.0583
489.2060 0.0583
489.2060 0.0583
489.7677 0.0583
490.3293 0.0584
490.8910 0.0584
490.8910 0.0584
491.4526 0.0585
492.5760 0.0586
493.1376 0.0586
493.1376 0.0587
493.6993 0.0587
493.6993 0.0588
494.2609 0.0588
494.8226 0.0589
495.9459 0.0590
495.9459 0.0590
496.5076 0.0590
496.5076 0.0591
497.0692 0.0591
497.6309 0.0591
498.1926 0.0591
498.1926 0.0591
498.7542 0.0592
499.3159 0.0592
499.3159 0.0593
499.8775 0.0593
500.4392 0.0594
501.0009 0.0594
501.5625 0.0595
501.5625 0.0595
502.1242 0.0595
502.6858 0.0596
502.6858 0.0597
503.8092 0.0597
504.3708 0.0598
504.3708 0.0598
504.3708 0.0599
504.9325 0.0599
505.4941 0.0599
506.6175 0.0599
506.6175 0.0599
506.6175 0.0599
507.1791 0.0600
507.1791 0.0600
507.7408 0.0600
508.8641 0.0601
508.8641 0.0601
509.4258 0.0602
509.4258 0.0602
509.9874 0.0603
510.5491 0.0603
511.6724 0.0603
511.6724 0.0604
512.7957 0.0604
512.2341 0.0605
512.7957 0.0605
513.3574 0.0606
513.3574 0.0606
514.4807 0.0606
514.4807 0.0606
515.0424 0.0607
515.0424 0.0607
516.1657 0.0609
516.1657 0.0609
516.7273 0.0610
517.2890 0.0610
517.2890 0.0610
517.8507 0.0611
518.4123 0.0611
518.4123 0.0611
519.5356 0.0612
519.5356 0.0612
520.0973 0.0613
521.2206 0.0614
521.2206 0.0614
521.2206 0.0614
522.3439 0.0614
522.9056 0.0614
522.9056 0.0615
523.4673 0.0615
524.0289 0.0615
524.0289 0.0616
524.5906 0.0616
524.5906 0.0617
525.7139 0.0617
525.7139 0.0618
525.7139 0.0618
526.2756 0.0618
526.8372 0.0619
527.3989 0.0619
527.9606 0.0619
528.5222 0.0620
528.5222 0.0621
528.5222 0.0621
529.0839 0.0621
530.2072 0.0621
530.2072 0.0621
531.3305 0.0622
531.3305 0.0622
531.3305 0.0623
531.8922 0.0623
532.4538 0.0624
532.4538 0.0624
533.5772 0.0625
533.5772 0.0625
534.1388 0.0626
534.1388 0.0627
534.7005 0.0627
535.8238 0.0627
535.8238 0.0628
536.9471 0.0628
537.5088 0.0629
537.5088 0.0629
537.5088 0.0629
538.0704 0.0629
538.6321 0.0629
539.1938 0.0630
539.7554 0.0631
540.3171 0.0631
540.3171 0.0631
540.8787 0.0632
540.8787 0.0632
541.4404 0.0633
542.0021 0.0633
542.5637 0.0634
543.1254 0.0634
543.6870 0.0635
543.6870 0.0635
544.8104 0.0635
544.8104 0.0635
545.3720 0.0636
545.9337 0.0637
545.9337 0.0637
546.4953 0.0637
547.0570 0.0637
547.0570 0.0637
548.1803 0.0638
548.1803 0.0638
548.1803 0.0639
548.7420 0.0639
549.8653 0.0640
550.4270 0.0641
550.4270 0.0641
550.4270 0.0641
550.9886 0.0642
551.5503 0.0642
552.1119 0.0643
552.6736 0.0643
553.2353 0.0643
553.2353 0.0643
553.2353 0.0643
554.3586 0.0644
554.9202 0.0644
555.4819 0.0644
556.0436 0.0645
556.0436 0.0645
556.0436 0.0646
556.6052 0.0646
557.1669 0.0646
557.7285 0.0647
558.2902 0.0647
558.8519 0.0647
558.8519 0.0649
558.8519 0.0649
559.4135 0.0650
561.0985 0.0650
561.0985 0.0651
561.0985 0.0651
561.6602 0.0651
561.6602 0.0651
561.6602 0.0652
562.2218 0.0652
563.3451 0.0653
563.9068 0.0653
563.9068 0.0654
564.4685 0.0655
565.0301 0.0655
566.1534 0.0655
566.1534 0.0656
566.7151 0.0657
566.7151 0.0657
566.7151 0.0657
567.2768 0.0658
567.8384 0.0658
568.4001 0.0659
568.9617 0.0659
568.9617 0.0659
569.5234 0.0659
570.0851 0.0660
570.0851 0.0660
570.6467 0.0660
571.2084 0.0660
571.7700 0.0660
571.7700 0.0661
572.3317 0.0661
572.8934 0.0661
574.0167 0.0662
574.0167 0.0663
574.0167 0.0663
574.5783 0.0664
575.1400 0.0665
575.1400 0.0665
575.7017 0.0666
575.7017 0.0666
576.2633 0.0666
577.3866 0.0667
577.3866 0.0667
577.9483 0.0667
578.5100 0.0668
578.5100 0.0668
579.0716 0.0669
579.6333 0.0669
579.6333 0.0669
580.7566 0.0670
580.7566 0.0671
581.3183 0.0671
580.7566 0.0671
581.8799 0.0672
583.0032 0.0673
583.0032 0.0673
583.0032 0.0673
583.5649 0.0673
584.1266 0.0674
584.1266 0.0674
584.6882 0.0674
585.2499 0.0675
585.2499 0.0675
585.8115 0.0675
585.8115 0.0675
586.3732 0.0676
586.3732 0.0677
587.4965 0.0678
588.0582 0.0678
588.0582 0.0678
588.0582 0.0678
587.4965 0.0679
586.9349 0.0679
586.9349 0.0679
587.4965 0.0681
587.4965 0.0681
588.0582 0.0681
588.6198 0.0682
588.6198 0.0682
589.1815 0.0682
589.7432 0.0682
589.7432 0.0683
590.3048 0.0683
590.3048 0.0684
591.4281 0.0685
591.4281 0.0685
591.9898 0.0686
591.9898 0.0686
592.5515 0.0686
592.5515 0.0687
593.1131 0.0687
592.5515 0.0687
593.1131 0.0688
593.1131 0.0688
593.1131 0.0689
593.1131 0.0689
593.1131 0.0690
593.1131 0.0690
593.6748 0.0690
594.2364 0.0690
456.6297 0.0687
397.6554 0.0682
338.6811 0.0686
