1.0354 0.0004
1.5531 0.0004
1.5531 0.0004
1.0354 0.0004
1.0354 0.0005
1.0354 0.0005
1.5531 0.0005
1.0354 0.0006
1.0354 0.0006
1.0354 0.0006
1.0354 0.0006
1.0354 0.0007
2.0707 0.0007
2.5884 0.0008
3.1061 0.0008
3.6238 0.0008
4.1415 0.0008
5.1769 0.0009
6.2122 0.0009
6.7299 0.0009
7.2476 0.0010
7.7653 0.0011
8.2830 0.0011
9.3184 0.0011
10.3537 0.0011
10.3537 0.0011
11.9068 0.0011
11.9068 0.0011
11.9068 0.0012
12.9422 0.0013
13.4599 0.0013
13.9776 0.0014
14.4952 0.0015
15.0129 0.0015
15.0129 0.0015
16.0483 0.0016
16.0483 0.0016
17.0837 0.0016
17.6014 0.0017
18.1191 0.0017
18.6367 0.0017
18.6367 0.0018
18.6367 0.0018
19.1544 0.0018
19.6721 0.0018
20.7075 0.0019
20.7075 0.0019
20.7075 0.0020
21.2252 0.0020
21.2252 0.0020
22.2606 0.0021
22.7782 0.0021
22.7782 0.0021
23.2959 0.0021
23.2959 0.0022
23.8136 0.0023
23.8136 0.0023
24.8490 0.0024
24.8490 0.0024
25.3667 0.0024
25.8844 0.0024
25.8844 0.0025
26.4020 0.0025
27.4374 0.0025
27.4374 0.0025
27.4374 0.0026
27.9551 0.0026
28.4728 0.0027
29.5082 0.0027
29.5082 0.0027
30.0259 0.0027
30.5435 0.0028
30.5435 0.0028
31.0612 0.0028
31.5789 0.0029
32.0966 0.0029
32.6143 0.0029
32.6143 0.0030
32.6143 0.0030
33.1320 0.0031
33.6497 0.0031
34.1674 0.0031
35.2027 0.0032
35.2027 0.0032
35.2027 0.0032
35.7204 0.0033
36.2381 0.0033
36.2381 0.0034
36.7558 0.0035
37.2735 0.0035
37.7912 0.0035
37.7912 0.0036
37.7912 0.0036
38.3089 0.0036
38.8265 0.0037
39.3442 0.0037
39.3442 0.0038
39.3442 0.0039
39.8619 0.0039
39.8619 0.0039
40.8973 0.0039
40.8973 0.0039
41.4150 0.0040
41.4150 0.0040
42.4504 0.0041
41.9327 0.0041
42.9680 0.0042
42.9680 0.0043
42.9680 0.0043
43.4857 0.0044
43.4857 0.0044
44.0034 0.0045
44.0034 0.0045
44.5211 0.0045
45.5565 0.0046
45.5565 0.0046
45.5565 0.0047
45.5565 0.0047
45.5565 0.0047
46.5919 0.0047
46.5919 0.0048
47.1095 0.0048
47.6272 0.0048
47.6272 0.0049
47.6272 0.0050
48.1449 0.0050
48.1449 0.0051
49.1803 0.0051
49.1803 0.0051
49.1803 0.0052
49.6980 0.0052
49.6980 0.0052
50.2157 0.0053
50.7334 0.0053
51.2510 0.0054
51.7687 0.0054
51.2510 0.0054
51.7687 0.0055
51.7687 0.0055
52.2864 0.0056
52.8041 0.0056
52.8041 0.0056
53.3218 0.0056
53.3218 0.0056
53.8395 0.0058
53.8395 0.0058
54.3572 0.0058
55.3925 0.0058
55.3925 0.0059
55.3925 0.0059
55.9102 0.0059
55.9102 0.0060
56.4279 0.0061
56.4279 0.0061
56.4279 0.0061
56.9456 0.0061
57.4633 0.0062
57.4633 0.0062
57.9810 0.0062
57.9810 0.0063
58.4987 0.0063
58.4987 0.0064
59.5340 0.0064
59.5340 0.0065
60.5694 0.0066
60.5694 0.0066
60.5694 0.0067
60.5694 0.0067
61.0871 0.0068
61.0871 0.0068
61.6048 0.0068
62.1225 0.0068
62.1225 0.0068
62.1225 0.0069
62.6402 0.0069
63.1578 0.0069
63.1578 0.0070
63.6755 0.0070
64.1932 0.0071
64.1932 0.0071
64.7109 0.0072
65.2286 0.0072
65.7463 0.0072
65.2286 0.0073
66.2640 0.0073
66.2640 0.0073
66.7817 0.0074
66.7817 0.0074
67.2993 0.0074
67.8170 0.0075
68.3347 0.0075
68.8524 0.0075
68.8524 0.0075
68.8524 0.0076
68.8524 0.0077
69.8878 0.0077
69.8878 0.0078
70.4055 0.0078
70.4055 0.0079
70.9232 0.0080
70.9232 0.0080
71.4408 0.0080
71.4408 0.0080
72.9939 0.0082
72.9939 0.0082
72.9939 0.0082
73.5116 0.0083
73.5116 0.0083
73.5116 0.0083
74.5470 0.0083
74.5470 0.0084
75.0647 0.0085
75.0647 0.0085
75.0647 0.0085
76.1000 0.0085
76.1000 0.0086
76.6177 0.0086
77.1354 0.0086
77.1354 0.0087
77.1354 0.0087
77.6531 0.0088
78.1708 0.0088
78.6885 0.0089
79.2061 0.0089
79.2061 0.0090
79.2061 0.0090
79.7238 0.0090
79.7238 0.0090
80.2415 0.0091
80.7592 0.0091
80.7592 0.0091
81.2769 0.0092
81.7946 0.0092
82.3123 0.0093
82.8300 0.0093
82.8300 0.0093
82.8300 0.0094
83.3476 0.0095
83.8653 0.0095
83.8653 0.0096
84.3830 0.0096
84.9007 0.0097
84.9007 0.0097
85.4184 0.0097
85.4184 0.0097
86.4538 0.0098
86.4538 0.0098
86.9715 0.0098
87.4891 0.0099
87.4891 0.0099
87.4891 0.0099
88.0068 0.0100
88.0068 0.0100
89.0422 0.0101
89.0422 0.0102
89.0422 0.0102
89.5599 0.0102
90.0776 0.0102
90.5953 0.0102
91.1130 0.0103
91.1130 0.0104
91.6306 0.0104
92.1483 0.0104
92.1483 0.0104
92.6660 0.0104
93.1837 0.0105
93.1837 0.0105
93.7014 0.0106
93.7014 0.0106
94.2191 0.0106
94.7368 0.0107
95.2545 0.0107
95.7721 0.0108
96.2898 0.0109
95.7721 0.0110
96.2898 0.0110
96.8075 0.0110
96.8075 0.0111
97.3252 0.0111
97.8429 0.0111
97.8429 0.0111
97.8429 0.0111
99.3960 0.0112
99.3960 0.0112
99.9136 0.0113
99.9136 0.0113
100.4313 0.0113
100.4313 0.0114
100.9490 0.0115
100.9490 0.0115
101.4667 0.0116
101.9844 0.0116
101.9844 0.0116
102.5021 0.0117
103.0198 0.0117
103.5375 0.0118
104.0551 0.0118
104.0551 0.0118
104.5728 0.0118
104.5728 0.0119
105.0905 0.0119
105.6082 0.0119
106.1259 0.0121
106.1259 0.0121
106.1259 0.0121
106.6436 0.0122
106.6436 0.0122
107.6789 0.0123
108.1966 0.0123
108.1966 0.0123
108.7143 0.0124
108.7143 0.0125
108.7143 0.0125
109.7497 0.0126
109.7497 0.0126
110.2674 0.0126
110.2674 0.0126
110.2674 0.0126
110.7851 0.0127
111.3028 0.0127
111.8204 0.0127
112.8558 0.0128
112.8558 0.0128
113.3735 0.0129
113.3735 0.0130
113.3735 0.0130
113.8912 0.0131
114.4089 0.0131
114.4089 0.0131
115.4443 0.0131
115.4443 0.0131
115.4443 0.0131
115.9619 0.0132
116.4796 0.0132
116.9973 0.0133
116.9973 0.0133
116.9973 0.0133
117.5150 0.0133
118.0327 0.0134
118.0327 0.0135
118.5504 0.0135
118.5504 0.0135
119.0681 0.0136
119.0681 0.0137
119.0681 0.0137
119.5858 0.0138
119.5858 0.0138
119.5858 0.0139
119.5858 0.0140
119.0681 0.0140
119.5858 0.0140
119.5858 0.0140
119.5858 0.0141
119.5858 0.0141
119.5858 0.0142
119.5858 0.0142
119.5858 0.0142
120.1034 0.0142
120.6211 0.0143
121.6565 0.0143
122.1742 0.0143
122.1742 0.0144
122.1742 0.0145
122.6919 0.0145
123.2096 0.0145
123.7273 0.0145
123.7273 0.0146
124.2449 0.0146
124.2449 0.0147
124.7626 0.0147
125.2803 0.0147
125.7980 0.0147
126.3157 0.0148
126.3157 0.0149
126.3157 0.0149
126.8334 0.0150
127.3511 0.0150
127.8688 0.0151
127.8688 0.0151
128.3864 0.0153
127.8688 0.0153
127.8688 0.0153
127.8688 0.0154
128.3864 0.0154
128.9041 0.0154
129.4218 0.0154
129.4218 0.0154
128.9041 0.0154
129.9395 0.0155
129.9395 0.0155
130.4572 0.0155
130.4572 0.0156
130.4572 0.0156
129.4218 0.0157
129.4218 0.0157
128.9041 0.0158
128.3864 0.0158
126.8334 0.0158
125.2803 0.0159
117.5150 0.0159
112.3381 0.0160
109.2320 0.0161
108.7143 0.0161
108.1966 0.0161
108.1966 0.0162
108.1966 0.0162
108.7143 0.0162
108.7143 0.0163
108.7143 0.0163
108.7143 0.0163
108.7143 0.0163
108.7143 0.0163
108.7143 0.0165
108.7143 0.0165
108.7143 0.0165
108.7143 0.0166
109.2320 0.0167
109.7497 0.0167
109.7497 0.0168
109.7497 0.0169
109.7497 0.0169
109.7497 0.0169
109.7497 0.0169
109.7497 0.0169
109.7497 0.0169
109.7497 0.0170
109.7497 0.0170
110.2674 0.0171
110.2674 0.0171
110.7851 0.0172
110.7851 0.0172
110.7851 0.0172
110.7851 0.0174
110.7851 0.0174
110.7851 0.0174
111.3028 0.0176
111.3028 0.0176
111.8204 0.0176
112.3381 0.0176
112.3381 0.0176
112.3381 0.0176
112.8558 0.0176
112.8558 0.0177
113.3735 0.0178
113.3735 0.0178
113.8912 0.0178
113.8912 0.0179
114.4089 0.0179
114.4089 0.0180
114.9266 0.0181
114.9266 0.0181
114.9266 0.0181
115.9619 0.0181
115.9619 0.0181
116.4796 0.0182
116.4796 0.0183
116.4796 0.0183
116.9973 0.0183
117.5150 0.0184
118.0327 0.0184
118.5504 0.0184
118.5504 0.0185
118.5504 0.0186
119.0681 0.0186
120.1034 0.0186
120.1034 0.0186
120.6211 0.0187
121.1388 0.0188
122.1742 0.0189
122.1742 0.0189
122.6919 0.0189
123.7273 0.0189
124.7626 0.0190
124.7626 0.0190
125.2803 0.0190
126.3157 0.0190
126.8334 0.0191
127.8688 0.0191
128.3864 0.0192
128.3864 0.0192
128.3864 0.0193
129.9395 0.0195
130.4572 0.0195
130.9749 0.0195
130.4572 0.0196
130.4572 0.0196
130.4572 0.0197
131.4926 0.0197
132.0102 0.0197
133.0456 0.0197
133.0456 0.0197
133.5633 0.0197
134.0810 0.0197
135.1164 0.0198
135.1164 0.0198
135.6341 0.0199
136.1517 0.0199
136.1517 0.0200
136.1517 0.0200
136.6694 0.0201
137.1871 0.0201
138.7402 0.0202
138.7402 0.0202
138.7402 0.0202
139.2579 0.0202
139.7756 0.0203
139.7756 0.0203
140.2932 0.0204
140.2932 0.0204
140.8109 0.0205
141.8463 0.0205
141.8463 0.0205
142.8817 0.0205
142.8817 0.0206
142.8817 0.0207
143.9171 0.0207
143.9171 0.0207
143.9171 0.0208
144.9524 0.0208
144.9524 0.0208
145.9878 0.0208
145.9878 0.0209
145.9878 0.0209
145.9878 0.0210
147.5409 0.0210
147.5409 0.0211
147.5409 0.0211
148.0586 0.0212
148.0586 0.0212
148.5762 0.0212
149.0939 0.0212
149.6116 0.0212
150.1293 0.0213
150.1293 0.0213
150.6470 0.0213
151.1647 0.0214
151.1647 0.0215
152.2001 0.0215
152.2001 0.0216
152.7177 0.0217
152.7177 0.0217
153.2354 0.0217
153.2354 0.0218
154.2708 0.0218
154.2708 0.0218
154.7885 0.0219
155.3062 0.0219
155.8239 0.0219
155.3062 0.0219
156.3415 0.0219
156.8592 0.0220
157.3769 0.0220
157.3769 0.0220
157.8946 0.0221
158.4123 0.0222
158.4123 0.0222
158.9300 0.0222
159.9654 0.0223
159.9654 0.0224
160.4830 0.0225
160.4830 0.0225
160.4830 0.0225
161.0007 0.0226
161.5184 0.0226
162.5538 0.0226
163.0715 0.0226
163.0715 0.0227
163.0715 0.0228
164.1069 0.0228
164.6245 0.0228
165.1422 0.0228
165.6599 0.0229
165.6599 0.0230
165.6599 0.0230
166.6953 0.0231
166.6953 0.0231
167.2130 0.0232
167.7307 0.0232
167.7307 0.0232
168.2484 0.0232
169.2837 0.0233
169.2837 0.0233
170.3191 0.0233
170.3191 0.0233
170.3191 0.0233
170.8368 0.0234
170.8368 0.0235
171.3545 0.0235
172.3899 0.0236
172.3899 0.0236
172.9075 0.0236
173.4252 0.0237
173.9429 0.0237
173.9429 0.0238
174.9783 0.0239
174.9783 0.0239
175.4960 0.0240
175.4960 0.0240
176.0137 0.0240
176.5314 0.0240
176.5314 0.0240
177.0490 0.0241
177.5667 0.0242
178.0844 0.0242
178.0844 0.0243
179.1198 0.0244
179.1198 0.0244
179.6375 0.0244
180.1552 0.0245
180.1552 0.0245
180.6729 0.0245
181.1905 0.0246
181.1905 0.0246
182.2259 0.0246
182.7436 0.0246
182.7436 0.0247
183.2613 0.0248
183.7790 0.0248
183.7790 0.0248
184.8143 0.0248
184.8143 0.0248
185.3320 0.0248
185.3320 0.0249
185.8497 0.0249
186.3674 0.0249
186.8851 0.0250
187.4028 0.0251
187.4028 0.0251
187.9205 0.0252
187.9205 0.0253
188.4382 0.0253
188.9558 0.0254
189.4735 0.0254
189.4735 0.0255
189.9912 0.0255
189.9912 0.0255
191.0266 0.0255
191.5443 0.0256
192.0620 0.0256
192.0620 0.0256
192.0620 0.0256
192.5797 0.0257
193.0973 0.0257
193.0973 0.0258
193.6150 0.0258
194.1327 0.0259
194.6504 0.0260
194.6504 0.0261
195.1681 0.0261
195.6858 0.0261
196.2035 0.0262
196.2035 0.0262
196.7212 0.0262
197.2388 0.0262
197.7565 0.0262
198.2742 0.0262
198.2742 0.0262
198.2742 0.0262
198.7919 0.0264
198.7919 0.0264
198.7919 0.0265
200.3450 0.0266
200.8627 0.0266
200.8627 0.0266
201.3803 0.0267
201.3803 0.0267
201.8980 0.0268
202.4157 0.0269
202.9334 0.0269
202.9334 0.0269
202.9334 0.0269
203.4511 0.0269
203.4511 0.0270
204.4865 0.0271
204.4865 0.0271
205.0042 0.0271
205.5218 0.0272
205.5218 0.0272
206.0395 0.0273
206.5572 0.0274
206.5572 0.0274
207.0749 0.0274
207.5926 0.0275
207.5926 0.0275
208.1103 0.0276
208.6280 0.0276
209.1456 0.0276
209.6633 0.0276
210.1810 0.0276
210.1810 0.0276
210.1810 0.0277
211.2164 0.0277
211.7341 0.0277
211.7341 0.0277
212.2518 0.0278
212.2518 0.0279
212.7695 0.0280
212.7695 0.0280
213.8048 0.0281
214.3225 0.0281
214.8402 0.0282
214.8402 0.0282
214.8402 0.0282
215.3579 0.0283
215.8756 0.0283
216.3933 0.0283
216.9110 0.0284
217.4286 0.0284
217.9463 0.0285
218.4640 0.0286
218.4640 0.0286
218.9817 0.0286
219.4994 0.0287
220.0171 0.0287
220.5348 0.0288
220.5348 0.0288
221.0525 0.0288
221.0525 0.0289
221.5701 0.0289
222.0878 0.0289
222.6055 0.0290
223.1232 0.0290
223.1232 0.0291
224.1586 0.0291
224.1586 0.0292
224.6763 0.0292
224.6763 0.0292
225.1940 0.0292
225.1940 0.0293
225.7116 0.0293
226.7470 0.0294
227.7824 0.0295
227.7824 0.0295
227.7824 0.0296
228.3001 0.0296
228.8178 0.0297
229.3355 0.0297
229.8531 0.0298
230.3708 0.0298
231.4062 0.0298
230.8885 0.0298
231.4062 0.0299
231.4062 0.0299
231.9239 0.0299
232.4416 0.0299
232.9593 0.0299
232.9593 0.0300
233.4770 0.0300
233.9946 0.0301
234.5123 0.0301
235.5477 0.0302
235.5477 0.0303
236.0654 0.0303
236.0654 0.0304
236.0654 0.0304
237.1008 0.0304
238.1361 0.0305
238.1361 0.0305
238.6538 0.0305
238.1361 0.0305
239.1715 0.0305
239.6892 0.0306
240.2069 0.0307
240.2069 0.0307
240.7246 0.0307
240.7246 0.0308
241.2423 0.0308
241.7599 0.0309
242.2776 0.0309
243.3130 0.0310
243.8307 0.0311
243.8307 0.0311
243.8307 0.0312
244.3484 0.0312
244.8661 0.0312
245.3838 0.0312
246.4191 0.0313
245.9014 0.0313
246.4191 0.0313
246.9368 0.0315
246.9368 0.0315
248.4899 0.0315
248.4899 0.0315
248.4899 0.0316
248.4899 0.0316
249.0076 0.0316
249.5253 0.0317
250.5606 0.0317
250.5606 0.0318
251.0783 0.0318
251.0783 0.0319
252.1137 0.0319
252.6314 0.0319
252.6314 0.0319
253.1491 0.0319
253.1491 0.0320
253.1491 0.0320
253.6668 0.0320
253.6668 0.0320
254.1844 0.0321
254.1844 0.0321
254.7021 0.0322
255.2198 0.0323
255.2198 0.0323
256.2552 0.0324
256.7729 0.0325
257.2906 0.0325
257.8083 0.0326
258.3259 0.0326
258.3259 0.0326
258.8436 0.0327
258.8436 0.0327
259.8790 0.0327
259.8790 0.0328
260.3967 0.0328
260.9144 0.0329
261.4321 0.0329
261.9497 0.0330
262.9851 0.0330
262.9851 0.0330
263.5028 0.0331
263.5028 0.0331
264.0205 0.0331
264.5382 0.0332
265.5736 0.0332
265.5736 0.0333
266.0912 0.0333
266.0912 0.0334
266.6089 0.0334
267.1266 0.0334
267.6443 0.0335
268.1620 0.0335
268.1620 0.0335
268.6797 0.0336
268.6797 0.0336
269.7151 0.0336
270.2327 0.0337
270.7504 0.0337
271.2681 0.0339
271.2681 0.0339
271.7858 0.0339
272.3035 0.0340
272.8212 0.0340
272.8212 0.0340
272.8212 0.0341
273.3389 0.0341
274.3742 0.0341
274.8919 0.0342
275.4096 0.0342
275.9273 0.0342
275.9273 0.0343
276.4450 0.0343
276.9627 0.0344
276.9627 0.0344
277.4804 0.0345
277.9981 0.0345
278.5157 0.0346
278.5157 0.0347
279.5511 0.0347
280.0688 0.0348
280.0688 0.0348
280.0688 0.0348
280.0688 0.0348
280.5865 0.0348
281.6219 0.0348
282.1396 0.0348
282.1396 0.0349
283.1749 0.0349
283.1749 0.0349
283.6926 0.0350
284.2103 0.0350
284.7280 0.0350
284.7280 0.0351
286.2810 0.0352
285.7634 0.0352
285.7634 0.0353
287.3164 0.0354
287.3164 0.0354
287.8341 0.0355
288.3518 0.0355
288.8695 0.0355
288.8695 0.0355
289.3872 0.0356
289.9049 0.0356
290.4225 0.0356
290.4225 0.0356
290.9402 0.0357
291.4579 0.0357
291.9756 0.0358
292.4933 0.0358
292.4933 0.0359
293.5287 0.0360
293.5287 0.0360
294.0464 0.0360
294.5640 0.0361
295.0817 0.0362
295.0817 0.0362
295.5994 0.0362
296.1171 0.0362
297.1525 0.0362
297.1525 0.0362
297.6702 0.0363
297.6702 0.0363
297.6702 0.0363
298.1879 0.0363
299.2232 0.0364
299.7409 0.0364
299.7409 0.0365
300.2586 0.0366
300.7763 0.0366
301.2940 0.0366
301.2940 0.0367
301.8117 0.0368
302.3294 0.0369
302.8470 0.0369
302.8470 0.0369
303.3647 0.0370
303.8824 0.0370
304.4001 0.0370
305.4355 0.0370
305.4355 0.0370
305.4355 0.0371
306.4709 0.0372
306.4709 0.0372
307.5062 0.0372
307.5062 0.0372
307.5062 0.0372
308.0239 0.0373
309.0593 0.0374
308.5416 0.0375
310.0947 0.0375
310.0947 0.0375
310.6124 0.0376
311.1300 0.0377
311.6477 0.0377
311.6477 0.0377
312.6831 0.0378
312.6831 0.0378
313.7185 0.0378
313.2008 0.0379
313.7185 0.0379
314.7538 0.0380
314.7538 0.0380
315.2715 0.0380
315.7892 0.0381
313.2008 0.0382
310.0947 0.0382
310.0947 0.0382
310.6124 0.0383
311.6477 0.0383
312.1654 0.0383
312.6831 0.0384
313.2008 0.0384
313.7185 0.0384
314.2362 0.0385
314.7538 0.0385
315.2715 0.0386
315.2715 0.0387
316.3069 0.0387
316.3069 0.0388
316.8246 0.0388
318.3777 0.0388
318.3777 0.0388
318.8953 0.0388
319.9307 0.0389
319.4130 0.0390
319.4130 0.0390
320.9661 0.0391
320.9661 0.0391
321.4838 0.0391
322.0015 0.0391
322.0015 0.0391
322.5192 0.0391
324.0722 0.0392
324.0722 0.0392
324.5899 0.0392
324.5899 0.0393
325.6253 0.0394
325.6253 0.0394
326.1430 0.0394
326.6607 0.0395
327.6960 0.0395
327.6960 0.0396
328.2137 0.0396
328.2137 0.0397
328.2137 0.0397
328.7314 0.0398
329.2491 0.0398
329.7668 0.0398
330.8022 0.0399
330.8022 0.0399
331.3198 0.0399
331.8375 0.0400
332.3552 0.0400
332.8729 0.0401
332.8729 0.0401
333.3906 0.0402
333.9083 0.0402
333.9083 0.0403
334.4260 0.0403
334.9437 0.0404
335.4613 0.0404
335.9790 0.0404
336.4967 0.0405
337.0144 0.0405
337.0144 0.0405
337.5321 0.0406
337.5321 0.0406
338.0498 0.0407
338.5675 0.0407
339.0851 0.0408
339.0851 0.0408
339.6028 0.0408
340.1205 0.0408
340.6382 0.0409
340.6382 0.0410
341.1559 0.0410
341.6736 0.0411
342.1913 0.0411
342.1913 0.0412
343.2266 0.0412
343.2266 0.0412
344.2620 0.0413
344.2620 0.0413
344.7797 0.0413
344.7797 0.0414
345.2974 0.0414
345.8151 0.0414
346.3328 0.0415
346.3328 0.0415
347.3681 0.0416
347.3681 0.0416
347.3681 0.0416
348.9212 0.0417
348.9212 0.0417
348.9212 0.0418
349.4389 0.0418
349.9566 0.0419
350.4743 0.0420
350.9920 0.0420
350.9920 0.0420
351.5096 0.0420
352.0273 0.0420
352.0273 0.0421
352.5450 0.0421
353.5804 0.0422
354.0981 0.0422
354.6158 0.0422
354.6158 0.0422
355.1335 0.0423
355.1335 0.0423
356.1688 0.0424
356.1688 0.0424
356.6865 0.0424
356.6865 0.0425
356.6865 0.0426
358.2396 0.0426
358.2396 0.0427
358.7573 0.0427
359.2750 0.0427
359.7926 0.0427
359.7926 0.0427
360.8280 0.0428
360.8280 0.0428
361.3457 0.0429
361.8634 0.0429
362.3811 0.0430
362.3811 0.0430
363.4165 0.0431
363.4165 0.0431
363.9341 0.0431
363.9341 0.0432
363.9341 0.0432
364.9695 0.0434
365.4872 0.0434
365.4872 0.0434
366.5226 0.0434
366.5226 0.0434
366.5226 0.0434
367.5579 0.0435
368.0756 0.0435
368.5933 0.0435
368.5933 0.0436
369.1110 0.0436
369.6287 0.0437
370.1464 0.0438
370.6641 0.0438
370.6641 0.0439
371.1818 0.0439
371.6994 0.0439
372.2171 0.0440
372.7348 0.0440
372.7348 0.0441
373.7702 0.0441
373.7702 0.0441
374.2879 0.0441
374.2879 0.0442
375.3233 0.0443
375.3233 0.0443
376.3586 0.0443
376.3586 0.0444
376.8763 0.0444
377.3940 0.0444
377.9117 0.0445
378.4294 0.0445
378.4294 0.0446
378.4294 0.0446
379.4648 0.0446
379.9824 0.0447
379.9824 0.0448
380.5001 0.0448
381.0178 0.0448
381.5355 0.0449
382.0532 0.0449
382.0532 0.0449
382.5709 0.0449
383.6063 0.0449
383.6063 0.0450
384.1239 0.0450
384.6416 0.0450
384.6416 0.0451
385.1593 0.0451
386.1947 0.0452
386.1947 0.0452
386.7124 0.0453
386.7124 0.0455
387.2301 0.0455
387.7478 0.0455
388.7831 0.0456
388.7831 0.0456
389.3008 0.0456
389.3008 0.0456
389.8185 0.0456
390.3362 0.0457
390.8539 0.0457
391.3716 0.0458
391.8892 0.0458
391.8892 0.0458
391.8892 0.0459
392.9246 0.0460
393.4423 0.0460
393.9600 0.0460
394.4777 0.0461
394.4777 0.0462
394.9954 0.0462
394.9954 0.0462
395.5131 0.0462
396.5484 0.0463
397.0661 0.0463
397.5838 0.0463
397.5838 0.0463
397.5838 0.0463
398.1015 0.0463
399.1369 0.0464
399.6546 0.0465
399.6546 0.0465
399.6546 0.0465
400.1722 0.0466
400.6899 0.0466
401.2076 0.0467
401.7253 0.0467
401.7253 0.0468
402.2430 0.0468
403.2784 0.0469
403.2784 0.0469
404.3137 0.0470
404.3137 0.0470
404.3137 0.0470
404.8314 0.0471
405.8668 0.0472
405.8668 0.0472
406.3845 0.0472
406.3845 0.0473
406.9022 0.0473
407.4199 0.0474
407.9376 0.0474
408.4552 0.0474
408.9729 0.0476
408.9729 0.0476
410.0083 0.0476
410.5260 0.0476
410.5260 0.0477
411.5614 0.0477
412.0791 0.0477
412.0791 0.0477
412.5967 0.0477
412.5967 0.0477
413.1144 0.0477
414.1498 0.0478
414.1498 0.0478
414.1498 0.0479
415.1852 0.0479
415.1852 0.0480
415.7029 0.0481
416.2206 0.0481
416.7382 0.0482
417.2559 0.0482
417.7736 0.0483
417.7736 0.0483
418.2913 0.0483
418.8090 0.0483
419.3267 0.0484
419.8444 0.0484
420.3620 0.0485
420.3620 0.0486
420.8797 0.0486
421.3974 0.0486
421.9151 0.0486
422.4328 0.0487
422.9505 0.0487
423.4682 0.0488
423.4682 0.0488
423.9859 0.0489
424.5035 0.0489
425.0212 0.0489
425.5389 0.0490
425.5389 0.0491
426.0566 0.0491
426.0566 0.0491
426.5743 0.0492
427.0920 0.0492
428.1274 0.0493
428.1274 0.0493
428.6450 0.0493
428.6450 0.0494
428.6450 0.0494
429.6804 0.0494
430.1981 0.0494
430.7158 0.0494
431.2335 0.0495
431.2335 0.0496
431.2335 0.0496
432.2689 0.0497
432.7865 0.0498
433.3042 0.0498
433.8219 0.0498
433.8219 0.0498
434.3396 0.0499
434.8573 0.0499
435.3750 0.0499
435.8927 0.0499
436.4104 0.0500
436.9280 0.0500
436.9280 0.0501
437.9634 0.0502
437.4457 0.0502
438.4811 0.0502
438.4811 0.0503
438.9988 0.0503
439.5165 0.0505
440.0342 0.0505
440.0342 0.0505
441.0695 0.0505
441.0695 0.0506
441.0695 0.0506
442.1049 0.0506
442.6226 0.0506
442.6226 0.0506
443.6580 0.0506
443.6580 0.0506
444.1757 0.0507
444.1757 0.0508
444.1757 0.0508
445.7287 0.0508
446.2464 0.0509
446.2464 0.0510
446.7641 0.0510
446.7641 0.0510
447.2818 0.0511
447.7995 0.0511
448.3172 0.0512
448.8348 0.0513
449.3525 0.0513
449.8702 0.0513
449.8702 0.0513
450.3879 0.0514
450.3879 0.0514
451.4233 0.0514
451.4233 0.0515
451.9410 0.0515
451.9410 0.0515
452.4587 0.0516
452.9763 0.0517
454.0117 0.0517
454.0117 0.0517
454.5294 0.0518
455.0471 0.0519
455.5648 0.0519
455.5648 0.0520
456.0825 0.0520
456.6002 0.0520
457.6355 0.0521
457.6355 0.0521
458.1532 0.0521
458.6709 0.0522
458.6709 0.0522
459.1886 0.0523
459.7063 0.0523
459.7063 0.0523
460.2240 0.0524
460.7417 0.0524
461.2593 0.0525
461.7770 0.0526
461.7770 0.0526
463.3301 0.0526
463.3301 0.0527
463.3301 0.0527
463.8478 0.0527
464.8832 0.0528
464.8832 0.0528
464.8832 0.0528
465.4008 0.0528
465.9185 0.0529
465.9185 0.0530
466.4362 0.0530
467.4716 0.0531
467.9893 0.0531
467.9893 0.0532
468.5070 0.0532
469.0246 0.0533
469.0246 0.0533
470.0600 0.0533
470.0600 0.0534
470.5777 0.0534
471.6131 0.0534
471.6131 0.0535
471.6131 0.0535
472.6485 0.0535
472.6485 0.0535
473.1661 0.0535
473.1661 0.0536
473.6838 0.0536
474.2015 0.0537
474.7192 0.0537
474.7192 0.0538
475.7546 0.0538
475.7546 0.0539
476.2723 0.0539
476.7900 0.0540
477.3076 0.0541
477.8253 0.0541
477.8253 0.0541
478.3430 0.0542
478.3430 0.0542
478.8607 0.0542
479.8961 0.0543
480.4138 0.0543
480.9315 0.0544
480.9315 0.0545
480.9315 0.0545
481.9668 0.0545
481.9668 0.0545
482.4845 0.0546
482.4845 0.0547
483.5199 0.0547
483.0022 0.0547
484.5553 0.0547
484.5553 0.0547
485.0730 0.0547
485.5906 0.0549
485.5906 0.0549
486.1083 0.0549
487.1437 0.0549
487.1437 0.0549
487.6614 0.0550
487.6614 0.0550
488.1791 0.0551
489.2145 0.0552
489.2145 0.0552
489.7321 0.0552
490.2498 0.0553
490.7675 0.0553
491.2852 0.0554
491.2852 0.0554
491.8029 0.0555
491.8029 0.0555
492.3206 0.0555
493.3560 0.0555
493.3560 0.0556
493.8736 0.0556
494.3913 0.0557
494.3913 0.0557
494.9090 0.0557
495.4267 0.0558
495.9444 0.0558
496.4621 0.0558
496.9798 0.0559
496.9798 0.0559
498.0151 0.0560
498.5328 0.0561
498.5328 0.0561
499.0505 0.0561
499.0505 0.0562
499.5682 0.0563
500.0859 0.0563
500.6036 0.0563
501.1213 0.0563
502.1566 0.0564
501.6389 0.0564
502.1566 0.0564
502.6743 0.0565
503.1920 0.0565
503.7097 0.0566
504.2274 0.0566
504.2274 0.0566
504.7451 0.0567
504.7451 0.0568
505.2628 0.0568
505.7804 0.0569
506.8158 0.0569
506.8158 0.0569
507.3335 0.0570
507.3335 0.0570
507.8512 0.0570
508.8866 0.0571
508.8866 0.0571
509.4043 0.0571
509.4043 0.0572
509.9219 0.0572
509.9219 0.0573
510.4396 0.0573
511.4750 0.0574
511.9927 0.0574
511.9927 0.0575
512.5104 0.0575
513.0281 0.0576
513.5458 0.0576
513.5458 0.0576
514.5811 0.0577
515.0988 0.0577
515.0988 0.0578
515.6165 0.0578
515.6165 0.0578
516.1342 0.0578
517.1696 0.0578
517.1696 0.0579
517.1696 0.0579
518.2049 0.0580
518.7226 0.0581
518.7226 0.0581
518.7226 0.0581
519.2403 0.0582
519.7580 0.0582
520.2757 0.0583
520.7934 0.0584
521.8287 0.0584
521.8287 0.0585
521.8287 0.0585
522.3464 0.0585
522.8641 0.0585
523.3818 0.0585
523.8995 0.0586
523.8995 0.0587
523.8995 0.0587
524.9349 0.0587
525.4526 0.0588
525.9702 0.0588
526.4879 0.0589
526.4879 0.0589
526.4879 0.0589
527.0056 0.0590
527.5233 0.0590
527.5233 0.0591
528.5587 0.0592
528.5587 0.0592
529.0764 0.0592
529.5941 0.0592
530.1117 0.0593
530.1117 0.0593
531.1471 0.0593
530.6294 0.0593
530.6294 0.0593
531.6648 0.0594
531.6648 0.0595
531.6648 0.0595
532.1825 0.0595
532.1825 0.0595
533.2179 0.0596
533.7356 0.0597
533.7356 0.0597
534.2532 0.0597
534.2532 0.0597
534.7709 0.0597
534.7709 0.0598
535.8063 0.0598
535.8063 0.0598
536.3240 0.0599
536.8417 0.0600
537.3594 0.0600
537.3594 0.0600
536.8417 0.0601
536.8417 0.0601
536.3240 0.0601
536.3240 0.0602
536.3240 0.0602
537.3594 0.0603
537.8771 0.0604
537.8771 0.0604
538.3947 0.0604
538.9124 0.0605
538.9124 0.0606
539.4301 0.0606
539.4301 0.0606
539.9478 0.0606
539.9478 0.0606
541.5009 0.0606
540.9832 0.0607
541.5009 0.0607
542.0186 0.0608
542.5362 0.0608
542.5362 0.0609
542.5362 0.0610
543.0539 0.0610
544.0893 0.0610
543.5716 0.0610
544.0893 0.0611
544.0893 0.0611
545.1247 0.0612
544.6070 0.0612
545.1247 0.0612
545.6424 0.0613
546.6777 0.0613
546.6777 0.0614
546.1601 0.0614
542.5362 0.0614
538.9124 0.0615
519.7580 0.0617
520.2757 0.0617
521.3111 0.0617
521.3111 0.0618
521.8287 0.0618
522.3464 0.0618
523.3818 0.0619
523.3818 0.0619
498.0151 0.0621
252.6314 0.0628
