15.2525 0.0003
15.2525 0.0003
15.7784 0.0003
16.3044 0.0003
16.3044 0.0003
16.3044 0.0004
16.3044 0.0004
16.8303 0.0004
17.3563 0.0005
17.8822 0.0005
17.8822 0.0005
18.4082 0.0006
18.9341 0.0006
18.4082 0.0006
19.4601 0.0006
19.4601 0.0007
19.9860 0.0007
19.9860 0.0007
19.9860 0.0007
20.5120 0.0007
21.0379 0.0007
21.0379 0.0008
21.5639 0.0008
21.5639 0.0008
21.5639 0.0008
21.5639 0.0008
22.0898 0.0008
22.6158 0.0009
22.6158 0.0009
22.6158 0.0009
22.6158 0.0009
23.1417 0.0010
23.1417 0.0010
24.1936 0.0010
24.1936 0.0010
24.7196 0.0010
24.7196 0.0011
24.7196 0.0011
24.7196 0.0011
25.2455 0.0011
25.2455 0.0011
25.7715 0.0011
25.7715 0.0012
25.7715 0.0012
25.7715 0.0012
26.2974 0.0012
26.8234 0.0012
26.8234 0.0013
26.8234 0.0013
27.3493 0.0013
27.3493 0.0013
27.8753 0.0013
28.4012 0.0014
28.4012 0.0014
28.4012 0.0014
28.4012 0.0015
28.4012 0.0015
28.4012 0.0015
29.4531 0.0015
29.4531 0.0015
29.9790 0.0015
29.9790 0.0016
29.9790 0.0016
29.9790 0.0016
30.5050 0.0016
30.5050 0.0017
31.0309 0.0017
31.5569 0.0017
31.0309 0.0017
31.0309 0.0017
31.5569 0.0017
32.0828 0.0018
32.6088 0.0018
32.6088 0.0018
33.1347 0.0018
33.1347 0.0018
33.1347 0.0018
33.6607 0.0019
33.6607 0.0019
33.6607 0.0019
34.1866 0.0020
34.1866 0.0020
34.7126 0.0020
34.7126 0.0021
34.7126 0.0021
34.7126 0.0022
35.2385 0.0022
35.7645 0.0022
35.7645 0.0023
35.7645 0.0023
36.2904 0.0023
36.2904 0.0024
36.8164 0.0024
37.3423 0.0024
37.3423 0.0024
37.3423 0.0024
37.3423 0.0024
37.8683 0.0024
38.3942 0.0024
38.3942 0.0024
38.3942 0.0025
38.9202 0.0026
38.9202 0.0026
39.4461 0.0026
39.4461 0.0026
39.9721 0.0026
39.9721 0.0027
40.4980 0.0027
40.4980 0.0027
41.0240 0.0027
41.0240 0.0027
41.5499 0.0028
41.5499 0.0028
42.0758 0.0029
42.6018 0.0029
43.1277 0.0030
43.1277 0.0030
43.1277 0.0030
43.1277 0.0030
43.1277 0.0031
43.6537 0.0031
44.1796 0.0031
44.1796 0.0031
44.1796 0.0032
44.7056 0.0032
44.7056 0.0032
44.7056 0.0033
45.2315 0.0033
46.2834 0.0033
46.2834 0.0034
46.8094 0.0034
46.2834 0.0035
46.8094 0.0035
46.8094 0.0036
47.8613 0.0036
47.8613 0.0036
47.8613 0.0037
47.8613 0.0037
47.8613 0.0037
48.3872 0.0037
48.9132 0.0038
48.9132 0.0038
49.4391 0.0038
49.4391 0.0038
49.4391 0.0039
50.4910 0.0039
51.0170 0.0040
51.0170 0.0040
51.5429 0.0040
51.5429 0.0040
51.5429 0.0042
52.0689 0.0042
52.0689 0.0042
52.5948 0.0043
52.5948 0.0043
53.1208 0.0043
53.6467 0.0044
54.1727 0.0044
54.1727 0.0044
54.6986 0.0044
54.1727 0.0044
54.6986 0.0044
55.2246 0.0045
55.2246 0.0045
55.7505 0.0046
56.2764 0.0046
56.2764 0.0046
56.8024 0.0047
56.8024 0.0048
57.3283 0.0048
57.8543 0.0048
57.8543 0.0049
58.3802 0.0049
58.3802 0.0050
58.9062 0.0050
58.9062 0.0050
59.4321 0.0051
59.9581 0.0051
59.9581 0.0051
59.9581 0.0051
60.4840 0.0051
60.4840 0.0052
61.5359 0.0052
61.5359 0.0053
62.0619 0.0053
62.0619 0.0054
62.5878 0.0055
62.5878 0.0055
63.1138 0.0055
63.6397 0.0056
64.1657 0.0056
64.1657 0.0056
64.1657 0.0056
64.1657 0.0056
65.2176 0.0058
65.7435 0.0058
65.7435 0.0058
65.7435 0.0058
66.2695 0.0058
66.7954 0.0058
67.3214 0.0058
67.3214 0.0059
67.3214 0.0059
67.3214 0.0059
68.3733 0.0060
68.3733 0.0060
68.8992 0.0060
69.4252 0.0060
69.4252 0.0062
69.4252 0.0062
69.9511 0.0063
69.9511 0.0063
71.0030 0.0064
71.5289 0.0064
71.5289 0.0064
71.5289 0.0064
72.0549 0.0065
72.0549 0.0065
72.0549 0.0066
73.1068 0.0067
73.1068 0.0067
73.6327 0.0067
73.6327 0.0068
74.1587 0.0068
74.6846 0.0069
75.2106 0.0070
75.2106 0.0070
75.7365 0.0071
75.7365 0.0071
75.7365 0.0071
76.2625 0.0071
76.7884 0.0071
77.3144 0.0072
77.8403 0.0072
77.8403 0.0072
78.3663 0.0073
78.8922 0.0073
78.8922 0.0073
79.4182 0.0074
79.4182 0.0074
79.4182 0.0074
79.9441 0.0075
80.4701 0.0076
80.9960 0.0076
80.9960 0.0076
82.0479 0.0078
82.0479 0.0078
82.0479 0.0078
82.5739 0.0078
82.5739 0.0078
83.6258 0.0079
83.6258 0.0079
84.1517 0.0079
84.1517 0.0080
84.6776 0.0080
85.2036 0.0081
85.7295 0.0081
85.7295 0.0081
86.7814 0.0082
86.2555 0.0083
86.7814 0.0083
87.3074 0.0084
87.3074 0.0084
87.8333 0.0084
88.3593 0.0085
88.3593 0.0085
88.8852 0.0085
88.8852 0.0086
89.4112 0.0086
89.9371 0.0086
90.4631 0.0087
90.4631 0.0087
90.4631 0.0088
90.4631 0.0088
90.9890 0.0088
92.0409 0.0088
92.5669 0.0089
92.5669 0.0089
92.5669 0.0090
92.5669 0.0090
93.6188 0.0091
94.1447 0.0091
94.1447 0.0092
94.1447 0.0092
94.6707 0.0092
95.1966 0.0092
95.7226 0.0092
96.2485 0.0093
96.2485 0.0093
96.7745 0.0093
96.7745 0.0094
97.3004 0.0094
97.8264 0.0095
98.3523 0.0095
98.3523 0.0096
98.3523 0.0097
98.8782 0.0097
99.9301 0.0098
99.9301 0.0098
100.4561 0.0098
100.4561 0.0098
100.4561 0.0098
101.5080 0.0099
101.5080 0.0099
101.5080 0.0099
102.0339 0.0100
102.5599 0.0101
102.5599 0.0101
104.1377 0.0102
104.1377 0.0102
104.1377 0.0103
104.6637 0.0103
104.6637 0.0103
105.1896 0.0104
105.7156 0.0105
105.7156 0.0105
106.2415 0.0105
106.2415 0.0105
106.2415 0.0105
106.7675 0.0106
107.2934 0.0106
107.2934 0.0106
108.3453 0.0108
108.3453 0.0108
108.3453 0.0109
109.3972 0.0110
109.9232 0.0110
109.9232 0.0110
109.9232 0.0110
109.9232 0.0111
110.4491 0.0111
110.4491 0.0112
110.4491 0.0112
110.9751 0.0112
110.9751 0.0112
111.5010 0.0112
111.5010 0.0113
112.0269 0.0113
113.0788 0.0114
113.6048 0.0114
113.0788 0.0114
113.6048 0.0115
114.1307 0.0116
114.1307 0.0116
114.6567 0.0117
115.7086 0.0117
115.7086 0.0117
115.7086 0.0117
115.7086 0.0117
116.2345 0.0118
116.7605 0.0118
116.7605 0.0119
117.2864 0.0119
117.8124 0.0119
118.3383 0.0119
118.3383 0.0120
118.8643 0.0121
118.8643 0.0121
119.3902 0.0121
119.9162 0.0122
119.9162 0.0123
119.9162 0.0123
119.9162 0.0124
120.4421 0.0124
120.9681 0.0125
121.4940 0.0125
122.0200 0.0125
122.0200 0.0125
122.5459 0.0126
122.5459 0.0126
123.5978 0.0126
123.5978 0.0127
123.5978 0.0128
124.1238 0.0128
124.6497 0.0129
125.1757 0.0129
125.1757 0.0129
125.1757 0.0129
125.1757 0.0130
125.7016 0.0130
126.2275 0.0131
126.7535 0.0131
126.7535 0.0131
126.7535 0.0132
127.2794 0.0132
127.2794 0.0132
127.2794 0.0132
128.3313 0.0133
128.3313 0.0133
128.3313 0.0134
119.9162 0.0135
119.3902 0.0135
119.9162 0.0136
122.0200 0.0137
122.5459 0.0137
123.0719 0.0137
123.0719 0.0138
123.5978 0.0138
124.1238 0.0139
124.6497 0.0139
125.7016 0.0139
126.2275 0.0139
126.2275 0.0140
126.7535 0.0141
126.7535 0.0141
127.2794 0.0141
127.8054 0.0141
128.3313 0.0142
128.3313 0.0142
128.3313 0.0142
128.8573 0.0143
128.8573 0.0143
128.8573 0.0144
128.8573 0.0144
128.8573 0.0144
128.3313 0.0145
127.8054 0.0146
127.2794 0.0146
124.6497 0.0146
122.0200 0.0146
120.4421 0.0146
113.6048 0.0148
112.0269 0.0148
110.4491 0.0148
109.9232 0.0149
109.3972 0.0149
109.9232 0.0149
109.3972 0.0150
108.8713 0.0150
108.8713 0.0151
108.8713 0.0151
109.3972 0.0151
109.3972 0.0153
108.8713 0.0153
108.8713 0.0153
108.8713 0.0153
108.8713 0.0153
109.3972 0.0154
109.3972 0.0154
108.8713 0.0154
108.8713 0.0155
108.8713 0.0156
109.3972 0.0156
109.3972 0.0156
109.3972 0.0157
109.3972 0.0157
109.3972 0.0158
109.9232 0.0158
109.9232 0.0158
109.9232 0.0159
109.9232 0.0159
109.9232 0.0159
109.3972 0.0161
109.3972 0.0161
109.3972 0.0161
110.4491 0.0162
110.4491 0.0162
110.4491 0.0162
110.4491 0.0162
110.4491 0.0163
110.4491 0.0163
110.9751 0.0164
111.5010 0.0164
112.0269 0.0165
112.0269 0.0165
112.0269 0.0166
112.5529 0.0166
112.5529 0.0166
113.6048 0.0166
113.6048 0.0166
114.1307 0.0167
114.1307 0.0167
114.1307 0.0168
114.6567 0.0168
114.6567 0.0169
115.1826 0.0169
115.7086 0.0170
115.1826 0.0171
115.7086 0.0172
115.7086 0.0172
117.2864 0.0173
117.8124 0.0173
117.8124 0.0173
118.3383 0.0173
118.8643 0.0173
119.3902 0.0174
119.9162 0.0174
120.4421 0.0175
122.0200 0.0175
122.5459 0.0176
123.0719 0.0176
123.5978 0.0176
123.5978 0.0177
124.6497 0.0177
125.7016 0.0178
126.2275 0.0178
127.2794 0.0180
127.8054 0.0180
127.8054 0.0180
128.8573 0.0180
128.8573 0.0180
129.9092 0.0181
130.4351 0.0181
130.9611 0.0181
131.4870 0.0181
129.9092 0.0181
129.3832 0.0182
129.9092 0.0183
130.9611 0.0184
130.9611 0.0184
132.0130 0.0184
132.5389 0.0185
133.0649 0.0185
133.5908 0.0185
134.1168 0.0186
134.1168 0.0186
134.6427 0.0186
135.6946 0.0187
135.6946 0.0187
136.7465 0.0188
136.7465 0.0188
136.7465 0.0188
137.2725 0.0188
137.7984 0.0189
138.3244 0.0189
139.3763 0.0190
138.3244 0.0190
139.3763 0.0190
139.3763 0.0190
139.9022 0.0191
140.4281 0.0192
139.9022 0.0192
140.4281 0.0193
140.4281 0.0193
140.9541 0.0193
140.4281 0.0194
140.9541 0.0194
142.0060 0.0194
142.5319 0.0195
142.5319 0.0195
143.0579 0.0196
143.0579 0.0196
143.5838 0.0197
144.6357 0.0198
145.1617 0.0198
145.1617 0.0198
145.6876 0.0199
145.6876 0.0199
146.7395 0.0199
146.7395 0.0200
146.7395 0.0200
146.7395 0.0200
147.2655 0.0200
147.7914 0.0200
148.8433 0.0201
148.8433 0.0201
149.3693 0.0202
149.3693 0.0203
149.8952 0.0203
149.8952 0.0203
150.4212 0.0203
150.4212 0.0204
151.4731 0.0204
151.4731 0.0204
151.4731 0.0205
152.5250 0.0205
152.5250 0.0205
153.0509 0.0205
153.5769 0.0207
153.5769 0.0207
154.1028 0.0207
154.1028 0.0208
154.6287 0.0208
155.1547 0.0208
155.6806 0.0209
155.6806 0.0209
155.6806 0.0211
156.2066 0.0211
156.2066 0.0211
157.2585 0.0212
157.2585 0.0212
157.7844 0.0213
158.3104 0.0213
158.3104 0.0213
158.3104 0.0214
158.8363 0.0214
159.3623 0.0214
159.8882 0.0215
159.8882 0.0215
160.4142 0.0216
160.9401 0.0216
161.4661 0.0217
161.9920 0.0217
161.9920 0.0217
161.9920 0.0217
162.5180 0.0217
162.5180 0.0218
163.0439 0.0219
163.5699 0.0220
164.0958 0.0220
164.6218 0.0220
164.6218 0.0220
165.1477 0.0220
165.1477 0.0220
165.6737 0.0221
166.1996 0.0221
166.7256 0.0222
166.7256 0.0222
167.2515 0.0223
167.2515 0.0224
167.2515 0.0224
167.7775 0.0224
168.3034 0.0225
168.3034 0.0225
168.3034 0.0225
169.3553 0.0227
169.8812 0.0227
169.8812 0.0227
170.9331 0.0227
170.9331 0.0227
171.4591 0.0228
170.9331 0.0228
171.4591 0.0229
171.9850 0.0229
171.9850 0.0230
173.0369 0.0230
173.0369 0.0231
173.5629 0.0231
174.0888 0.0232
174.0888 0.0232
174.6148 0.0232
175.1407 0.0232
175.1407 0.0233
175.6667 0.0233
176.1926 0.0233
176.1926 0.0233
176.7186 0.0233
177.7705 0.0234
177.7705 0.0234
177.7705 0.0234
177.7705 0.0235
178.2964 0.0235
178.8224 0.0236
179.8743 0.0237
179.8743 0.0238
179.8743 0.0239
180.4002 0.0239
180.9262 0.0239
181.4521 0.0239
181.4521 0.0240
181.9780 0.0241
181.4521 0.0241
178.8224 0.0241
179.3483 0.0241
180.4002 0.0242
180.9262 0.0242
180.9262 0.0243
181.4521 0.0243
182.5040 0.0243
182.5040 0.0243
183.0299 0.0244
183.5559 0.0246
183.5559 0.0246
184.0818 0.0247
185.1337 0.0247
185.1337 0.0247
186.1856 0.0247
186.1856 0.0247
186.1856 0.0247
186.7116 0.0248
187.7635 0.0248
187.7635 0.0248
188.8154 0.0248
188.8154 0.0249
188.8154 0.0249
189.3413 0.0250
189.3413 0.0251
189.8673 0.0251
190.3932 0.0252
190.9192 0.0252
190.9192 0.0253
191.4451 0.0253
191.4451 0.0254
191.9711 0.0254
192.4970 0.0254
193.0230 0.0254
193.0230 0.0255
193.0230 0.0255
193.5489 0.0255
194.0749 0.0256
194.6008 0.0256
195.1268 0.0256
195.1268 0.0258
195.1268 0.0259
195.6527 0.0259
196.1786 0.0260
196.1786 0.0260
196.7046 0.0260
197.2305 0.0260
198.2824 0.0261
197.7565 0.0261
198.2824 0.0261
198.8084 0.0262
199.3343 0.0262
199.3343 0.0262
199.3343 0.0263
199.8603 0.0263
199.8603 0.0263
200.3862 0.0263
200.9122 0.0264
201.4381 0.0264
201.9641 0.0265
201.9641 0.0266
202.4900 0.0266
203.0160 0.0267
203.0160 0.0267
204.0679 0.0268
204.0679 0.0268
204.0679 0.0268
204.5938 0.0268
204.5938 0.0269
205.1198 0.0269
205.6457 0.0270
205.6457 0.0271
206.6976 0.0271
206.1717 0.0271
206.6976 0.0272
207.2236 0.0272
207.7495 0.0272
207.7495 0.0273
207.7495 0.0273
206.1717 0.0274
204.0679 0.0274
203.5419 0.0275
204.0679 0.0275
204.5938 0.0275
205.1198 0.0277
205.6457 0.0278
205.6457 0.0278
206.6976 0.0278
207.2236 0.0279
208.2755 0.0279
207.7495 0.0279
208.2755 0.0280
208.8014 0.0280
209.3274 0.0280
209.3274 0.0281
210.9052 0.0282
210.9052 0.0282
210.9052 0.0282
210.9052 0.0283
211.4311 0.0283
212.4830 0.0283
213.0090 0.0284
213.0090 0.0285
213.5349 0.0285
213.5349 0.0285
214.0609 0.0285
214.0609 0.0286
215.1128 0.0286
215.6387 0.0286
215.6387 0.0287
216.1647 0.0288
216.1647 0.0288
216.6906 0.0288
217.2166 0.0288
218.2685 0.0289
218.2685 0.0289
218.2685 0.0289
218.7944 0.0290
219.3204 0.0291
219.8463 0.0291
220.3723 0.0291
220.3723 0.0291
220.8982 0.0292
220.8982 0.0292
221.4242 0.0293
221.4242 0.0293
222.4761 0.0294
223.0020 0.0295
223.0020 0.0295
223.0020 0.0295
224.0539 0.0295
224.0539 0.0295
224.5798 0.0297
224.5798 0.0297
225.1058 0.0298
225.6317 0.0298
225.6317 0.0299
226.1577 0.0299
227.2096 0.0300
226.6836 0.0300
227.2096 0.0300
227.2096 0.0301
227.7355 0.0301
228.7874 0.0302
229.3134 0.0302
229.3134 0.0302
229.8393 0.0302
229.8393 0.0303
229.8393 0.0303
230.3653 0.0303
230.8912 0.0303
231.4172 0.0304
231.4172 0.0305
231.9431 0.0305
231.9431 0.0305
232.9950 0.0306
232.9950 0.0306
233.5210 0.0306
234.0469 0.0307
234.5729 0.0307
234.5729 0.0308
235.0988 0.0308
235.0988 0.0308
236.1507 0.0309
236.1507 0.0309
236.1507 0.0310
236.6767 0.0310
237.2026 0.0310
237.7286 0.0311
238.2545 0.0311
238.2545 0.0312
238.7804 0.0313
238.7804 0.0314
238.7804 0.0314
239.8323 0.0315
240.8842 0.0315
240.8842 0.0315
240.8842 0.0315
240.8842 0.0315
241.4102 0.0315
241.9361 0.0316
242.4621 0.0316
242.9880 0.0316
242.9880 0.0317
243.5140 0.0317
243.5140 0.0318
244.5659 0.0319
244.5659 0.0319
244.5659 0.0319
245.0918 0.0321
245.0918 0.0321
245.6178 0.0321
246.6697 0.0322
246.6697 0.0322
247.1956 0.0322
247.1956 0.0322
247.7216 0.0322
247.7216 0.0323
248.7735 0.0324
248.7735 0.0325
248.7735 0.0325
248.7735 0.0325
249.2994 0.0326
249.8254 0.0326
250.3513 0.0327
250.8773 0.0327
250.8773 0.0328
250.8773 0.0328
251.4032 0.0329
251.9292 0.0329
251.9292 0.0329
252.4551 0.0329
252.4551 0.0329
252.9810 0.0330
252.9810 0.0331
253.5070 0.0332
253.5070 0.0332
254.5589 0.0333
254.5589 0.0333
255.0848 0.0333
255.6108 0.0334
255.6108 0.0334
255.6108 0.0334
256.6627 0.0335
256.1367 0.0335
256.6627 0.0335
256.6627 0.0336
256.6627 0.0336
257.1886 0.0336
257.7146 0.0336
257.7146 0.0336
258.2405 0.0337
258.2405 0.0337
258.7665 0.0338
258.7665 0.0339
259.2924 0.0340
259.8184 0.0340
259.8184 0.0340
260.3443 0.0341
260.8703 0.0342
260.8703 0.0342
260.8703 0.0342
261.9222 0.0342
261.9222 0.0342
262.4481 0.0342
262.9741 0.0342
262.9741 0.0343
262.9741 0.0344
263.5000 0.0345
263.5000 0.0345
264.5519 0.0346
265.0779 0.0346
265.6038 0.0347
265.0779 0.0347
266.1297 0.0347
266.1297 0.0347
266.6557 0.0348
267.1816 0.0348
267.7076 0.0349
267.7076 0.0349
268.2335 0.0349
268.7595 0.0349
269.2854 0.0349
269.8114 0.0350
270.3373 0.0350
270.3373 0.0351
270.8633 0.0352
270.8633 0.0352
270.8633 0.0352
271.3892 0.0353
271.9152 0.0353
271.9152 0.0354
272.4411 0.0354
273.4930 0.0355
273.4930 0.0355
273.4930 0.0355
274.0190 0.0356
274.0190 0.0356
274.0190 0.0356
275.0709 0.0357
275.0709 0.0357
276.1228 0.0357
276.1228 0.0358
276.1228 0.0358
276.6487 0.0359
277.1747 0.0360
277.7006 0.0360
278.2266 0.0361
278.2266 0.0361
278.2266 0.0361
278.7525 0.0361
278.7525 0.0362
279.2785 0.0362
279.8044 0.0363
280.3303 0.0363
280.3303 0.0363
280.3303 0.0364
280.8563 0.0364
281.3822 0.0365
281.9082 0.0366
282.4341 0.0366
282.9601 0.0366
282.9601 0.0367
283.4860 0.0367
284.0120 0.0368
284.0120 0.0368
284.0120 0.0368
284.5379 0.0369
285.0639 0.0369
285.0639 0.0369
286.1158 0.0369
286.1158 0.0370
286.6417 0.0371
287.1677 0.0372
287.1677 0.0373
287.6936 0.0373
288.2196 0.0373
288.2196 0.0373
288.2196 0.0374
288.2196 0.0374
288.7455 0.0374
288.7455 0.0376
289.2715 0.0376
289.2715 0.0376
289.7974 0.0376
290.3234 0.0376
290.3234 0.0376
291.3753 0.0376
291.3753 0.0377
291.9012 0.0377
292.4272 0.0378
292.9531 0.0378
292.9531 0.0379
292.9531 0.0379
293.4791 0.0379
294.5309 0.0380
294.5309 0.0380
295.0569 0.0381
295.0569 0.0381
296.1088 0.0382
296.1088 0.0383
296.6347 0.0383
296.6347 0.0383
297.1607 0.0383
297.6866 0.0384
298.2126 0.0385
298.2126 0.0385
298.7385 0.0385
298.7385 0.0386
298.7385 0.0386
299.7904 0.0388
300.3164 0.0388
300.8423 0.0388
301.3683 0.0389
301.3683 0.0389
301.3683 0.0390
301.8942 0.0390
302.4202 0.0390
302.9461 0.0391
303.4721 0.0391
304.5240 0.0391
304.5240 0.0391
304.5240 0.0392
305.0499 0.0392
305.0499 0.0393
305.5759 0.0393
306.6278 0.0394
306.6278 0.0394
307.6797 0.0394
307.1537 0.0395
307.6797 0.0395
307.6797 0.0396
309.2575 0.0396
309.2575 0.0396
309.7834 0.0396
309.7834 0.0397
309.7834 0.0397
310.3094 0.0398
310.3094 0.0398
311.3613 0.0399
311.3613 0.0399
311.8872 0.0399
311.8872 0.0400
312.4132 0.0401
312.9391 0.0401
313.4651 0.0402
313.9910 0.0402
314.5170 0.0403
314.5170 0.0403
314.5170 0.0403
315.5689 0.0403
316.0948 0.0403
316.0948 0.0404
316.6208 0.0404
316.6208 0.0405
317.6727 0.0405
317.6727 0.0405
318.1986 0.0407
318.1986 0.0407
319.2505 0.0408
319.2505 0.0408
319.2505 0.0408
319.7765 0.0409
320.3024 0.0409
320.8284 0.0410
320.8284 0.0410
320.8284 0.0410
320.8284 0.0410
322.4062 0.0411
322.9321 0.0411
322.9321 0.0411
323.4581 0.0412
323.4581 0.0412
323.4581 0.0413
324.5100 0.0413
324.5100 0.0414
325.0359 0.0415
325.0359 0.0415
325.5619 0.0415
326.0878 0.0416
326.0878 0.0417
326.0878 0.0417
327.1397 0.0417
327.6657 0.0417
327.6657 0.0417
327.6657 0.0417
328.1916 0.0418
328.1916 0.0419
328.1916 0.0419
329.2435 0.0419
329.2435 0.0420
329.7695 0.0420
330.8214 0.0421
330.8214 0.0421
331.3473 0.0421
331.3473 0.0422
331.8733 0.0423
332.3992 0.0423
332.3992 0.0424
332.9252 0.0424
332.9252 0.0424
333.4511 0.0424
333.9771 0.0424
334.5030 0.0425
334.5030 0.0426
335.5549 0.0426
335.5549 0.0427
335.5549 0.0427
336.6068 0.0427
336.6068 0.0428
336.6068 0.0428
337.6587 0.0429
337.6587 0.0429
337.6587 0.0430
338.1846 0.0430
338.1846 0.0430
339.2365 0.0430
339.7625 0.0431
340.2884 0.0431
340.8144 0.0431
340.8144 0.0432
340.8144 0.0432
341.8663 0.0432
341.8663 0.0433
342.3922 0.0433
342.9182 0.0434
342.9182 0.0434
343.4441 0.0435
343.9701 0.0435
344.4960 0.0435
345.0220 0.0436
345.0220 0.0436
345.0220 0.0436
346.0739 0.0437
346.5998 0.0438
346.5998 0.0439
347.1258 0.0439
347.1258 0.0439
347.6517 0.0440
348.1777 0.0441
348.1777 0.0442
348.7036 0.0442
349.7555 0.0443
350.2814 0.0443
350.2814 0.0443
349.7555 0.0444
350.8074 0.0444
350.8074 0.0444
351.8593 0.0445
351.8593 0.0445
352.3852 0.0445
352.9112 0.0446
354.4890 0.0447
354.4890 0.0448
355.0150 0.0448
355.5409 0.0448
355.5409 0.0448
356.0669 0.0448
356.5928 0.0449
357.1188 0.0450
357.6447 0.0450
358.1707 0.0451
358.1707 0.0451
358.1707 0.0451
359.2226 0.0451
359.2226 0.0452
359.7485 0.0453
360.2745 0.0454
360.2745 0.0454
360.2745 0.0454
361.3264 0.0455
361.8523 0.0455
362.3783 0.0456
362.3783 0.0456
362.9042 0.0457
362.9042 0.0457
363.4302 0.0457
364.4820 0.0458
365.0080 0.0458
364.4820 0.0459
365.0080 0.0459
365.5339 0.0460
366.0599 0.0460
366.5858 0.0460
366.5858 0.0460
367.1118 0.0460
367.6377 0.0462
367.6377 0.0462
368.1637 0.0462
368.6896 0.0462
368.6896 0.0463
369.7415 0.0463
369.7415 0.0463
369.7415 0.0463
370.2675 0.0464
370.7934 0.0464
370.7934 0.0464
371.8453 0.0464
371.8453 0.0465
372.3713 0.0466
372.8972 0.0466
372.8972 0.0466
373.4232 0.0467
373.4232 0.0467
373.9491 0.0468
375.0010 0.0468
375.0010 0.0469
375.5270 0.0470
376.0529 0.0471
376.0529 0.0471
376.5789 0.0471
376.5789 0.0471
377.6308 0.0471
377.6308 0.0472
378.1567 0.0472
378.6826 0.0472
379.2086 0.0473
379.2086 0.0473
380.2605 0.0474
380.2605 0.0474
380.7864 0.0475
381.3124 0.0475
381.3124 0.0476
381.8383 0.0476
382.3643 0.0477
382.3643 0.0477
382.8902 0.0478
383.4162 0.0478
383.9421 0.0479
384.4681 0.0479
384.9940 0.0479
386.0459 0.0479
386.0459 0.0480
386.0459 0.0480
386.5719 0.0480
387.6238 0.0482
387.6238 0.0482
388.1497 0.0482
388.1497 0.0483
388.6757 0.0483
389.2016 0.0483
389.7276 0.0484
390.2535 0.0484
390.2535 0.0485
390.7795 0.0485
390.7795 0.0485
391.8314 0.0486
391.8314 0.0486
392.3573 0.0486
392.8832 0.0487
393.4092 0.0487
393.9351 0.0488
394.4611 0.0489
394.4611 0.0489
395.5130 0.0490
395.5130 0.0490
396.0389 0.0490
396.0389 0.0491
396.5649 0.0491
396.5649 0.0491
397.6168 0.0491
398.1427 0.0491
398.6687 0.0491
398.6687 0.0491
398.6687 0.0491
399.1946 0.0493
399.7206 0.0493
400.2465 0.0494
400.7725 0.0494
400.7725 0.0494
400.7725 0.0495
401.8244 0.0496
401.8244 0.0496
402.8763 0.0497
403.4022 0.0498
403.4022 0.0498
403.9282 0.0498
403.9282 0.0498
404.4541 0.0499
404.9801 0.0499
406.0319 0.0500
406.5579 0.0501
406.5579 0.0501
406.5579 0.0501
407.0838 0.0502
407.0838 0.0502
408.6617 0.0503
408.6617 0.0503
409.1876 0.0504
409.1876 0.0505
409.7136 0.0505
409.7136 0.0505
410.2395 0.0505
410.7655 0.0505
411.2914 0.0506
411.8174 0.0506
411.8174 0.0507
412.3433 0.0507
412.8693 0.0508
413.3952 0.0508
413.9212 0.0509
413.9212 0.0510
413.9212 0.0510
414.9731 0.0510
416.0250 0.0511
416.0250 0.0511
416.5509 0.0512
416.5509 0.0512
417.0769 0.0512
417.0769 0.0512
418.1288 0.0513
418.1288 0.0513
418.6547 0.0514
419.1807 0.0515
419.7066 0.0515
420.2325 0.0516
420.7585 0.0516
420.7585 0.0517
421.8104 0.0517
421.8104 0.0518
421.8104 0.0518
422.8623 0.0518
423.3882 0.0519
423.9142 0.0519
423.9142 0.0519
424.9661 0.0519
424.9661 0.0520
425.4920 0.0520
426.0180 0.0521
426.5439 0.0521
426.5439 0.0521
426.5439 0.0522
427.0699 0.0522
427.5958 0.0523
428.6477 0.0523
429.1737 0.0524
429.1737 0.0525
429.6996 0.0525
429.6996 0.0525
429.6996 0.0525
430.7515 0.0526
431.2775 0.0526
431.2775 0.0526
431.2775 0.0527
431.8034 0.0528
432.3294 0.0528
433.9072 0.0529
433.9072 0.0529
433.9072 0.0529
433.9072 0.0530
434.4331 0.0530
434.9591 0.0531
435.4850 0.0531
436.0110 0.0532
436.5369 0.0532
436.5369 0.0532
436.5369 0.0532
437.0629 0.0532
437.5888 0.0533
439.1667 0.0533
439.1667 0.0534
439.6926 0.0534
439.6926 0.0534
440.2186 0.0535
440.2186 0.0535
441.2705 0.0537
441.2705 0.0537
442.3224 0.0537
441.7964 0.0538
442.3224 0.0538
442.8483 0.0539
443.3743 0.0539
443.9002 0.0539
444.4262 0.0540
444.4262 0.0540
444.9521 0.0540
445.4781 0.0540
445.4781 0.0541
446.5300 0.0541
446.5300 0.0542
447.0559 0.0542
447.5819 0.0543
447.5819 0.0543
448.1078 0.0543
448.6337 0.0544
448.6337 0.0545
449.1597 0.0545
449.6856 0.0545
449.6856 0.0546
450.7375 0.0546
451.2635 0.0546
451.2635 0.0546
452.3154 0.0547
452.3154 0.0548
452.8413 0.0548
452.8413 0.0548
453.3673 0.0549
453.3673 0.0549
454.4192 0.0550
454.9451 0.0551
454.9451 0.0551
455.4711 0.0551
455.9970 0.0552
456.5230 0.0552
457.0489 0.0552
456.5230 0.0552
458.1008 0.0553
458.1008 0.0553
458.1008 0.0553
458.6268 0.0554
459.1527 0.0554
460.2046 0.0554
460.2046 0.0555
460.2046 0.0555
460.7306 0.0556
461.2565 0.0557
461.7825 0.0557
462.3084 0.0557
462.3084 0.0559
462.8343 0.0559
463.3603 0.0559
464.4122 0.0559
464.4122 0.0559
464.9381 0.0560
464.9381 0.0561
465.4641 0.0561
465.4641 0.0561
466.5160 0.0561
466.5160 0.0562
467.0419 0.0562
467.0419 0.0563
467.5679 0.0563
468.0938 0.0563
468.6198 0.0564
469.1457 0.0564
470.1976 0.0565
470.1976 0.0566
470.1976 0.0566
470.7236 0.0566
471.2495 0.0566
471.7755 0.0567
472.3014 0.0567
472.3014 0.0568
472.3014 0.0569
473.3533 0.0569
473.3533 0.0569
474.4052 0.0570
474.9312 0.0571
474.9312 0.0571
474.9312 0.0571
475.4571 0.0571
475.4571 0.0572
477.0349 0.0573
477.0349 0.0573
477.0349 0.0573
477.5609 0.0573
478.0868 0.0573
478.6128 0.0574
479.1387 0.0575
479.6647 0.0575
479.6647 0.0575
480.1906 0.0576
480.7166 0.0576
480.7166 0.0576
481.7685 0.0577
481.7685 0.0577
482.2944 0.0578
482.2944 0.0578
482.8204 0.0579
483.3463 0.0580
483.8723 0.0580
484.3982 0.0580
484.9242 0.0580
484.9242 0.0580
484.9242 0.0580
485.4501 0.0581
485.9761 0.0581
487.0280 0.0582
487.5539 0.0582
487.5539 0.0582
487.5539 0.0583
488.6058 0.0584
488.0799 0.0584
489.1318 0.0585
489.6577 0.0585
489.6577 0.0585
490.1836 0.0586
490.7096 0.0586
491.2355 0.0586
492.2874 0.0587
492.2874 0.0588
492.2874 0.0588
492.8134 0.0588
492.8134 0.0589
493.3393 0.0589
494.3912 0.0590
494.3912 0.0590
494.9172 0.0590
494.9172 0.0591
494.9172 0.0591
495.9691 0.0592
496.4950 0.0593
497.0210 0.0593
497.5469 0.0593
497.5469 0.0593
497.5469 0.0593
498.5988 0.0594
498.5988 0.0594
499.1248 0.0595
500.1767 0.0595
500.1767 0.0596
500.1767 0.0596
501.2286 0.0596
501.2286 0.0596
501.7545 0.0597
502.2805 0.0598
502.8064 0.0598
502.8064 0.0598
503.3324 0.0599
503.3324 0.0600
504.3842 0.0600
504.3842 0.0600
505.4361 0.0600
505.4361 0.0601
505.9621 0.0601
505.9621 0.0602
507.0140 0.0602
507.0140 0.0602
508.0659 0.0603
508.0659 0.0603
508.0659 0.0604
508.5918 0.0605
509.1178 0.0605
509.6437 0.0606
510.1697 0.0606
510.1697 0.0606
510.1697 0.0607
510.6956 0.0607
511.2216 0.0607
512.2735 0.0608
512.2735 0.0608
512.7994 0.0608
512.7994 0.0609
513.3254 0.0609
513.8513 0.0610
514.9032 0.0610
514.9032 0.0610
515.4292 0.0610
515.4292 0.0611
515.9551 0.0612
516.4811 0.0612
516.4811 0.0613
517.5330 0.0613
518.5848 0.0613
518.0589 0.0613
518.5848 0.0613
519.1108 0.0613
519.6367 0.0614
519.6367 0.0614
520.1627 0.0615
520.1627 0.0616
520.6886 0.0616
521.2146 0.0617
521.7405 0.0617
522.7924 0.0617
522.7924 0.0619
522.7924 0.0619
523.3184 0.0619
523.8443 0.0620
524.3703 0.0620
524.8962 0.0620
524.8962 0.0620
525.9481 0.0620
525.4222 0.0620
526.4741 0.0621
526.4741 0.0621
527.5260 0.0622
527.5260 0.0622
528.0519 0.0623
528.5779 0.0624
528.5779 0.0624
529.1038 0.0624
529.6298 0.0625
530.1557 0.0625
531.2076 0.0626
530.6817 0.0627
531.2076 0.0627
531.7336 0.0627
532.2595 0.0627
532.7854 0.0627
532.7854 0.0628
532.7854 0.0628
533.3114 0.0629
533.8373 0.0629
534.3633 0.0629
534.8892 0.0630
535.4152 0.0631
535.9411 0.0632
536.4671 0.0632
536.4671 0.0632
536.9930 0.0633
538.0449 0.0634
538.0449 0.0634
538.5709 0.0634
538.5709 0.0634
539.0968 0.0634
539.0968 0.0635
540.1487 0.0635
540.1487 0.0636
540.6747 0.0636
540.6747 0.0636
541.2006 0.0637
541.7266 0.0637
542.2525 0.0637
542.7785 0.0638
542.7785 0.0638
543.3044 0.0639
543.8304 0.0640
543.8304 0.0640
545.4082 0.0640
545.4082 0.0640
545.4082 0.0641
545.9341 0.0641
545.9341 0.0641
546.4601 0.0642
546.9860 0.0642
547.5120 0.0643
548.0379 0.0644
548.0379 0.0644
548.5639 0.0644
549.6158 0.0645
550.1417 0.0645
550.6677 0.0646
550.1417 0.0647
550.1417 0.0647
550.6677 0.0647
551.7196 0.0647
551.7196 0.0648
552.2455 0.0648
552.7715 0.0649
553.2974 0.0650
553.2974 0.0650
553.8234 0.0651
553.8234 0.0651
553.8234 0.0651
554.8753 0.0652
554.8753 0.0652
555.4012 0.0652
554.3493 0.0653
552.7715 0.0653
551.1936 0.0654
550.6677 0.0654
550.6677 0.0655
551.1936 0.0655
264.5519 0.0661
