12.1560 0.0003
12.1560 0.0003
13.2131 0.0003
13.2131 0.0003
12.6846 0.0003
12.6846 0.0005
13.2131 0.0005
13.7416 0.0006
14.2701 0.0006
13.7416 0.0006
13.7416 0.0007
14.2701 0.0007
14.2701 0.0007
14.7987 0.0008
14.2701 0.0009
14.7987 0.0009
14.7987 0.0010
14.7987 0.0010
15.3272 0.0010
15.3272 0.0010
15.8557 0.0010
15.8557 0.0010
16.3842 0.0011
16.3842 0.0011
16.3842 0.0011
16.9127 0.0012
16.9127 0.0012
17.4413 0.0012
16.9127 0.0013
16.9127 0.0013
16.9127 0.0014
16.9127 0.0014
17.4413 0.0014
17.9698 0.0015
17.9698 0.0015
17.9698 0.0015
17.9698 0.0015
17.9698 0.0015
18.4983 0.0016
18.4983 0.0016
19.0268 0.0017
19.0268 0.0017
19.5554 0.0017
19.5554 0.0017
19.5554 0.0018
20.0839 0.0018
20.6124 0.0018
20.6124 0.0018
20.6124 0.0019
20.0839 0.0019
21.1409 0.0020
21.1409 0.0021
21.1409 0.0021
21.6695 0.0021
21.6695 0.0021
21.6695 0.0021
22.1980 0.0022
22.1980 0.0022
22.7265 0.0023
22.7265 0.0023
22.7265 0.0023
22.7265 0.0024
23.2550 0.0024
23.2550 0.0024
23.2550 0.0025
23.2550 0.0025
23.2550 0.0025
23.2550 0.0026
23.2550 0.0026
23.7835 0.0027
24.8406 0.0027
24.8406 0.0028
24.8406 0.0028
25.3691 0.0028
25.3691 0.0028
25.8976 0.0029
25.8976 0.0030
25.8976 0.0030
26.4262 0.0031
25.8976 0.0031
25.8976 0.0031
26.9547 0.0031
26.9547 0.0031
26.9547 0.0031
26.9547 0.0032
27.4832 0.0032
27.4832 0.0032
27.4832 0.0033
27.4832 0.0033
28.0117 0.0033
28.0117 0.0034
28.0117 0.0034
28.0117 0.0035
28.5403 0.0035
28.5403 0.0035
29.5973 0.0036
29.5973 0.0037
29.5973 0.0037
29.5973 0.0037
29.5973 0.0037
30.1258 0.0037
30.1258 0.0037
30.6544 0.0037
30.6544 0.0037
30.6544 0.0038
30.6544 0.0038
31.1829 0.0039
31.7114 0.0039
31.7114 0.0040
31.7114 0.0041
32.2399 0.0041
31.7114 0.0041
32.7684 0.0042
32.7684 0.0042
32.7684 0.0042
33.2970 0.0043
33.2970 0.0044
33.2970 0.0044
34.3540 0.0044
34.3540 0.0044
34.3540 0.0045
34.8825 0.0045
34.8825 0.0045
34.8825 0.0045
34.8825 0.0045
35.4111 0.0046
35.9396 0.0046
35.9396 0.0046
35.9396 0.0047
36.4681 0.0047
36.4681 0.0047
36.4681 0.0047
36.9966 0.0049
36.9966 0.0049
37.5252 0.0049
37.5252 0.0049
37.5252 0.0050
38.0537 0.0050
38.5822 0.0050
38.5822 0.0050
38.5822 0.0051
38.5822 0.0051
39.1107 0.0051
39.6392 0.0051
39.6392 0.0052
40.1678 0.0052
40.1678 0.0053
40.1678 0.0053
40.1678 0.0053
40.1678 0.0054
40.6963 0.0054
41.2248 0.0056
41.2248 0.0056
41.7533 0.0056
41.7533 0.0057
42.2819 0.0057
41.7533 0.0057
43.3389 0.0058
43.3389 0.0058
43.3389 0.0058
43.3389 0.0058
43.8674 0.0059
43.8674 0.0059
44.3960 0.0060
44.3960 0.0060
44.3960 0.0060
44.3960 0.0060
44.3960 0.0060
45.4530 0.0061
45.4530 0.0061
45.9815 0.0062
45.9815 0.0062
45.9815 0.0062
45.9815 0.0062
46.5101 0.0063
47.0386 0.0063
47.5671 0.0064
48.0956 0.0064
48.0956 0.0064
48.0956 0.0064
48.0956 0.0065
48.6241 0.0065
49.1527 0.0065
49.1527 0.0065
49.6812 0.0066
49.6812 0.0066
50.2097 0.0066
50.2097 0.0067
50.2097 0.0067
50.7382 0.0068
51.2668 0.0068
51.7953 0.0069
51.7953 0.0069
51.7953 0.0070
52.3238 0.0070
52.8523 0.0071
52.8523 0.0071
53.3809 0.0071
52.8523 0.0072
53.3809 0.0072
53.3809 0.0072
53.9094 0.0072
53.9094 0.0072
54.4379 0.0073
54.4379 0.0073
54.9664 0.0073
54.9664 0.0074
55.4949 0.0074
56.0235 0.0075
56.5520 0.0076
56.5520 0.0076
56.5520 0.0076
56.5520 0.0077
57.0805 0.0078
57.0805 0.0078
58.1376 0.0078
58.1376 0.0078
58.6661 0.0079
58.1376 0.0079
58.6661 0.0079
58.6661 0.0079
59.7231 0.0079
59.1946 0.0080
60.2517 0.0080
60.2517 0.0081
60.2517 0.0081
60.7802 0.0082
60.7802 0.0082
61.3087 0.0082
60.7802 0.0083
61.3087 0.0084
61.8372 0.0084
62.3657 0.0085
62.3657 0.0085
62.3657 0.0085
62.3657 0.0085
62.3657 0.0086
62.8943 0.0086
63.4228 0.0087
63.4228 0.0087
63.9513 0.0088
63.9513 0.0088
64.4798 0.0088
64.4798 0.0089
65.0084 0.0089
65.0084 0.0089
66.0654 0.0090
66.0654 0.0090
66.0654 0.0091
66.0654 0.0091
66.5939 0.0092
67.1225 0.0092
67.6510 0.0092
67.6510 0.0092
67.6510 0.0092
67.6510 0.0092
68.1795 0.0093
69.2366 0.0093
69.2366 0.0093
69.2366 0.0094
69.7651 0.0094
69.7651 0.0094
69.7651 0.0095
70.2936 0.0096
70.2936 0.0096
70.8221 0.0096
71.3506 0.0097
71.3506 0.0097
71.3506 0.0098
71.8792 0.0098
71.8792 0.0098
72.4077 0.0098
72.4077 0.0098
72.9362 0.0099
72.9362 0.0099
73.4647 0.0099
73.4647 0.0100
73.9933 0.0101
73.9933 0.0102
74.5218 0.0103
75.0503 0.0103
75.0503 0.0103
75.0503 0.0104
75.5788 0.0104
76.1074 0.0104
76.1074 0.0104
76.1074 0.0105
76.6359 0.0105
77.1644 0.0105
77.1644 0.0105
77.1644 0.0106
77.6929 0.0106
78.2214 0.0106
78.7500 0.0107
78.7500 0.0107
78.7500 0.0107
79.2785 0.0108
79.2785 0.0108
79.8070 0.0109
80.3355 0.0109
80.3355 0.0109
80.3355 0.0110
80.3355 0.0110
80.8641 0.0111
81.3926 0.0111
81.3926 0.0111
81.3926 0.0112
81.9211 0.0112
82.9782 0.0112
82.9782 0.0112
82.9782 0.0113
83.5067 0.0113
83.5067 0.0114
84.5637 0.0115
84.5637 0.0115
84.5637 0.0116
85.0923 0.0116
85.0923 0.0116
85.0923 0.0116
85.6208 0.0117
85.6208 0.0117
86.1493 0.0117
86.1493 0.0117
86.6778 0.0118
87.2063 0.0118
87.2063 0.0119
87.7349 0.0119
88.2634 0.0120
88.2634 0.0120
88.2634 0.0121
88.7919 0.0121
88.7919 0.0122
89.3204 0.0122
89.8490 0.0123
89.8490 0.0123
89.8490 0.0123
90.3775 0.0124
90.3775 0.0124
90.9060 0.0124
91.4345 0.0124
91.9631 0.0124
91.9631 0.0124
91.9631 0.0125
91.9631 0.0125
92.4916 0.0125
93.0201 0.0125
93.0201 0.0126
93.5486 0.0126
93.5486 0.0127
94.0771 0.0127
94.6057 0.0127
95.1342 0.0127
95.1342 0.0128
95.1342 0.0129
95.1342 0.0129
95.6627 0.0131
96.7198 0.0132
96.7198 0.0132
97.2483 0.0132
97.2483 0.0132
97.2483 0.0132
97.2483 0.0132
97.7768 0.0132
98.3053 0.0133
98.8339 0.0135
98.8339 0.0135
98.8339 0.0135
99.3624 0.0136
99.3624 0.0136
99.8909 0.0136
100.4194 0.0136
100.9480 0.0137
100.9480 0.0137
100.9480 0.0137
100.9480 0.0138
102.0050 0.0138
102.0050 0.0138
102.5335 0.0139
102.5335 0.0139
103.0620 0.0139
103.0620 0.0139
103.0620 0.0139
103.5906 0.0140
104.1191 0.0141
104.1191 0.0141
104.6476 0.0141
104.6476 0.0142
105.1761 0.0142
105.1761 0.0142
106.2332 0.0143
106.2332 0.0144
106.2332 0.0144
106.7617 0.0144
106.7617 0.0145
107.2902 0.0145
107.8188 0.0145
107.8188 0.0146
107.8188 0.0146
108.3473 0.0146
108.8758 0.0147
108.8758 0.0147
109.4043 0.0148
109.9328 0.0148
109.9328 0.0148
110.4614 0.0149
110.4614 0.0149
110.9899 0.0149
110.9899 0.0149
111.5184 0.0150
112.0469 0.0151
112.0469 0.0151
112.5755 0.0152
112.5755 0.0152
112.5755 0.0152
113.6325 0.0152
113.6325 0.0153
113.6325 0.0153
114.1610 0.0153
114.1610 0.0154
114.6896 0.0154
115.2181 0.0154
115.2181 0.0154
115.7466 0.0155
115.7466 0.0155
116.2751 0.0156
116.8037 0.0157
116.8037 0.0157
116.8037 0.0158
117.3322 0.0159
117.3322 0.0159
117.8607 0.0159
118.9177 0.0160
118.9177 0.0160
119.4463 0.0160
119.4463 0.0160
119.9748 0.0161
119.9748 0.0161
119.9748 0.0161
120.5033 0.0162
121.0318 0.0163
121.0318 0.0163
121.5604 0.0163
121.5604 0.0163
122.0889 0.0163
122.0889 0.0163
122.0889 0.0164
122.6174 0.0164
123.1459 0.0165
123.1459 0.0165
123.6745 0.0165
123.6745 0.0166
123.6745 0.0166
124.2030 0.0166
124.2030 0.0166
124.7315 0.0166
123.1459 0.0167
123.1459 0.0168
123.1459 0.0168
123.6745 0.0169
123.6745 0.0170
124.2030 0.0170
124.7315 0.0171
125.2600 0.0171
125.7885 0.0171
125.2600 0.0172
123.1459 0.0173
123.1459 0.0173
123.6745 0.0173
124.7315 0.0173
124.7315 0.0173
125.2600 0.0174
125.7885 0.0174
125.2600 0.0174
121.5604 0.0175
122.0889 0.0176
122.6174 0.0176
123.1459 0.0176
123.6745 0.0176
124.2030 0.0176
124.7315 0.0178
125.7885 0.0178
125.7885 0.0178
127.3741 0.0179
127.3741 0.0179
127.3741 0.0179
127.3741 0.0180
127.9026 0.0180
128.9597 0.0180
129.4882 0.0180
129.4882 0.0181
130.0167 0.0182
130.0167 0.0182
130.5453 0.0183
131.0738 0.0183
131.0738 0.0183
131.6023 0.0184
131.6023 0.0184
132.6593 0.0184
132.6593 0.0185
133.1879 0.0186
133.1879 0.0186
133.7164 0.0186
133.7164 0.0186
134.7734 0.0186
134.7734 0.0187
135.3020 0.0187
135.3020 0.0188
135.8305 0.0188
135.8305 0.0188
135.3020 0.0190
135.3020 0.0190
136.3590 0.0190
136.3590 0.0190
136.3590 0.0191
136.8875 0.0191
136.8875 0.0192
137.4161 0.0192
138.4731 0.0192
138.4731 0.0193
138.4731 0.0193
138.4731 0.0193
139.0016 0.0194
139.5302 0.0194
140.0587 0.0194
140.0587 0.0194
140.0587 0.0195
140.5872 0.0196
140.0587 0.0196
141.6442 0.0196
141.6442 0.0197
142.1728 0.0197
142.1728 0.0199
142.1728 0.0199
142.1728 0.0200
143.2298 0.0200
143.2298 0.0200
143.2298 0.0201
143.7583 0.0201
143.7583 0.0201
143.7583 0.0201
144.2869 0.0202
144.8154 0.0202
144.8154 0.0202
145.3439 0.0203
145.3439 0.0203
145.3439 0.0204
145.8724 0.0204
145.8724 0.0204
145.8724 0.0205
146.4010 0.0206
146.4010 0.0206
146.4010 0.0207
146.4010 0.0207
146.4010 0.0207
146.9295 0.0207
146.9295 0.0207
146.4010 0.0207
146.4010 0.0208
146.4010 0.0208
146.4010 0.0209
146.4010 0.0210
146.4010 0.0210
144.8154 0.0210
144.2869 0.0211
142.7013 0.0211
140.0587 0.0212
134.2449 0.0212
127.9026 0.0212
121.0318 0.0214
119.4463 0.0214
117.3322 0.0214
118.3892 0.0214
118.3892 0.0215
118.3892 0.0215
118.9177 0.0216
119.4463 0.0216
119.4463 0.0216
119.9748 0.0217
120.5033 0.0217
120.5033 0.0218
121.5604 0.0218
121.5604 0.0218
122.0889 0.0219
122.0889 0.0219
122.6174 0.0219
122.6174 0.0220
123.6745 0.0220
123.6745 0.0220
124.2030 0.0220
124.2030 0.0222
124.7315 0.0222
124.7315 0.0222
125.2600 0.0223
125.7885 0.0223
126.8456 0.0223
126.3171 0.0224
126.8456 0.0224
127.3741 0.0225
128.4312 0.0225
127.9026 0.0226
128.9597 0.0226
128.9597 0.0227
128.9597 0.0227
130.0167 0.0227
130.5453 0.0227
131.0738 0.0227
131.6023 0.0228
131.6023 0.0229
131.6023 0.0229
132.6593 0.0230
133.1879 0.0230
133.7164 0.0230
133.7164 0.0231
134.2449 0.0231
134.2449 0.0233
134.7734 0.0233
134.7734 0.0233
135.3020 0.0234
136.3590 0.0234
136.8875 0.0234
136.3590 0.0234
136.8875 0.0235
137.4161 0.0236
138.4731 0.0236
138.4731 0.0236
139.0016 0.0237
139.0016 0.0237
139.0016 0.0237
139.5302 0.0238
140.0587 0.0238
140.5872 0.0238
140.5872 0.0239
141.1157 0.0239
141.6442 0.0239
142.1728 0.0240
142.7013 0.0240
143.2298 0.0240
143.2298 0.0241
143.7583 0.0241
144.2869 0.0241
144.8154 0.0242
145.3439 0.0243
145.8724 0.0244
145.8724 0.0244
146.9295 0.0245
146.9295 0.0245
147.9865 0.0246
147.9865 0.0246
148.5150 0.0246
148.5150 0.0247
150.1006 0.0247
150.1006 0.0247
150.6291 0.0248
150.6291 0.0248
151.1577 0.0248
151.6862 0.0249
152.2147 0.0249
152.7432 0.0249
153.2718 0.0250
153.2718 0.0251
154.3288 0.0251
154.8573 0.0251
154.8573 0.0251
155.3859 0.0252
155.3859 0.0253
155.3859 0.0253
155.9144 0.0253
156.4429 0.0254
156.9714 0.0254
156.9714 0.0254
157.4999 0.0254
157.4999 0.0254
158.0285 0.0254
159.0855 0.0255
159.0855 0.0255
159.6140 0.0256
159.6140 0.0257
160.1426 0.0257
160.1426 0.0258
160.6711 0.0258
161.1996 0.0259
161.7281 0.0259
161.7281 0.0260
162.7852 0.0260
162.7852 0.0261
163.3137 0.0261
163.3137 0.0261
163.8422 0.0261
163.8422 0.0261
164.8993 0.0262
164.8993 0.0262
165.4278 0.0262
165.4278 0.0264
165.9563 0.0264
165.9563 0.0264
166.4848 0.0265
166.4848 0.0265
167.0134 0.0265
167.5419 0.0266
168.0704 0.0266
168.5989 0.0267
168.5989 0.0267
168.5989 0.0268
168.5989 0.0268
169.6560 0.0268
169.6560 0.0268
170.1845 0.0269
170.1845 0.0269
171.2416 0.0269
171.2416 0.0270
171.7701 0.0270
172.2986 0.0270
172.8271 0.0272
172.8271 0.0272
173.3556 0.0272
173.3556 0.0273
173.8842 0.0273
173.8842 0.0273
173.8842 0.0274
174.4127 0.0274
174.9412 0.0274
174.9412 0.0275
175.4697 0.0275
175.4697 0.0275
175.9983 0.0275
176.5268 0.0276
177.0553 0.0276
177.0553 0.0276
177.0553 0.0277
177.5838 0.0277
178.6409 0.0278
178.6409 0.0278
179.1694 0.0278
179.1694 0.0279
179.1694 0.0279
179.6979 0.0279
180.2264 0.0280
181.2835 0.0281
181.2835 0.0281
181.2835 0.0281
181.8120 0.0281
181.8120 0.0282
182.3405 0.0282
182.8691 0.0283
183.3976 0.0284
183.3976 0.0284
184.4546 0.0284
184.4546 0.0284
184.4546 0.0285
184.9832 0.0286
185.5117 0.0286
186.0402 0.0286
186.0402 0.0287
186.5687 0.0287
186.5687 0.0288
187.0972 0.0288
187.0972 0.0288
188.1543 0.0289
188.1543 0.0290
188.6828 0.0290
188.6828 0.0290
189.2113 0.0290
189.7399 0.0290
190.2684 0.0291
190.2684 0.0292
190.7969 0.0292
191.3254 0.0292
190.7969 0.0292
191.8540 0.0293
191.8540 0.0293
192.3825 0.0293
192.9110 0.0294
192.9110 0.0295
193.4395 0.0295
193.9681 0.0296
194.4966 0.0296
195.0251 0.0296
195.0251 0.0296
195.5536 0.0296
195.5536 0.0297
196.0821 0.0297
196.0821 0.0297
196.6107 0.0298
197.1392 0.0298
197.1392 0.0298
197.6677 0.0300
198.1962 0.0301
198.1962 0.0301
199.2533 0.0302
199.2533 0.0302
199.7818 0.0302
199.7818 0.0302
200.3103 0.0303
200.3103 0.0304
200.8389 0.0304
201.3674 0.0304
201.8959 0.0304
201.8959 0.0304
202.4244 0.0305
202.9529 0.0305
203.4815 0.0306
203.4815 0.0306
204.0100 0.0306
204.5385 0.0307
204.5385 0.0307
204.5385 0.0308
205.0670 0.0308
206.1241 0.0308
206.1241 0.0309
206.1241 0.0309
206.6526 0.0310
207.1811 0.0310
207.1811 0.0310
208.2382 0.0311
208.2382 0.0311
208.7667 0.0312
209.2952 0.0312
209.2952 0.0313
209.2952 0.0313
210.3523 0.0313
210.3523 0.0314
211.4093 0.0314
211.4093 0.0315
211.4093 0.0315
211.9378 0.0315
211.9378 0.0315
212.4664 0.0316
212.9949 0.0316
212.9949 0.0316
214.0519 0.0317
214.0519 0.0318
214.0519 0.0318
214.5805 0.0319
215.1090 0.0320
215.1090 0.0320
215.6375 0.0320
216.1660 0.0321
216.1660 0.0321
216.6946 0.0321
217.2231 0.0322
217.7516 0.0322
217.7516 0.0323
218.2801 0.0323
218.2801 0.0323
219.3372 0.0323
219.3372 0.0324
219.8657 0.0324
219.8657 0.0324
220.3942 0.0325
220.3942 0.0325
220.9227 0.0325
221.4513 0.0327
221.9798 0.0327
222.5083 0.0327
223.0368 0.0328
223.0368 0.0328
223.0368 0.0328
223.5654 0.0329
224.0939 0.0329
224.0939 0.0329
224.6224 0.0330
224.6224 0.0330
224.6224 0.0331
225.6795 0.0331
226.2080 0.0331
226.7365 0.0332
226.7365 0.0333
226.7365 0.0334
227.2650 0.0335
227.7935 0.0335
227.7935 0.0335
229.3791 0.0335
229.3791 0.0336
229.3791 0.0336
229.9076 0.0336
229.9076 0.0336
230.4362 0.0336
230.9647 0.0336
231.4932 0.0336
231.4932 0.0336
231.4932 0.0337
232.0217 0.0337
232.5503 0.0337
233.6073 0.0339
233.0788 0.0339
233.6073 0.0339
233.6073 0.0340
234.1358 0.0340
234.6643 0.0341
235.7214 0.0341
235.7214 0.0342
235.7214 0.0342
236.2499 0.0342
236.7784 0.0343
237.3070 0.0344
237.3070 0.0344
237.8355 0.0344
238.3640 0.0345
238.3640 0.0346
238.8925 0.0346
239.4211 0.0347
239.9496 0.0347
239.9496 0.0347
240.4781 0.0348
241.0066 0.0348
241.0066 0.0349
241.5352 0.0349
242.0637 0.0349
242.0637 0.0349
242.5922 0.0350
243.6492 0.0350
243.6492 0.0351
244.1778 0.0351
244.1778 0.0351
244.1778 0.0352
245.2348 0.0352
245.7633 0.0352
246.2919 0.0353
246.2919 0.0353
246.2919 0.0354
246.2919 0.0354
246.8204 0.0355
247.3489 0.0355
248.4060 0.0355
248.4060 0.0356
248.9345 0.0356
248.9345 0.0356
249.4630 0.0356
249.4630 0.0356
250.5200 0.0357
250.5200 0.0358
251.5771 0.0358
251.0486 0.0359
251.5771 0.0359
252.1056 0.0359
253.1627 0.0360
253.1627 0.0360
253.6912 0.0360
253.6912 0.0361
254.2197 0.0362
254.2197 0.0362
254.7482 0.0363
255.2768 0.0363
255.2768 0.0363
255.8053 0.0363
256.3338 0.0364
256.8623 0.0365
257.3908 0.0365
257.9194 0.0365
257.9194 0.0366
257.9194 0.0366
257.9194 0.0367
258.9764 0.0367
258.9764 0.0367
260.0335 0.0368
260.0335 0.0368
260.5620 0.0369
260.5620 0.0369
260.5620 0.0369
260.5620 0.0370
261.6190 0.0370
261.6190 0.0370
261.6190 0.0370
262.1476 0.0371
263.7331 0.0372
263.7331 0.0372
263.7331 0.0372
264.2617 0.0372
264.7902 0.0373
265.3187 0.0374
266.3757 0.0375
266.3757 0.0376
266.9043 0.0376
266.9043 0.0376
266.9043 0.0376
267.9613 0.0376
267.9613 0.0376
268.4898 0.0376
269.0184 0.0376
269.5469 0.0377
269.5469 0.0378
270.6039 0.0378
271.6610 0.0378
271.6610 0.0379
271.6610 0.0380
271.6610 0.0380
272.1895 0.0380
272.1895 0.0381
272.7180 0.0381
273.7751 0.0382
273.7751 0.0383
274.3036 0.0383
274.3036 0.0383
274.8321 0.0383
275.3606 0.0383
275.8892 0.0384
275.8892 0.0384
276.4177 0.0384
276.9462 0.0385
276.9462 0.0385
276.9462 0.0386
277.4747 0.0386
278.0033 0.0386
278.5318 0.0387
279.0603 0.0387
279.0603 0.0388
280.1174 0.0389
280.1174 0.0389
280.6459 0.0390
281.1744 0.0390
281.1744 0.0390
281.1744 0.0391
282.2314 0.0391
282.2314 0.0391
282.7600 0.0391
283.2885 0.0392
283.2885 0.0392
283.2885 0.0393
283.8170 0.0393
284.3455 0.0394
285.4026 0.0394
285.9311 0.0395
285.9311 0.0395
286.4596 0.0396
287.5167 0.0396
287.5167 0.0396
288.5737 0.0396
288.5737 0.0396
288.5737 0.0397
289.1022 0.0397
289.6308 0.0398
289.6308 0.0398
290.6878 0.0398
290.6878 0.0399
291.2163 0.0399
291.2163 0.0400
291.7449 0.0400
291.7449 0.0400
292.2734 0.0401
293.3304 0.0402
293.8590 0.0403
293.3304 0.0403
293.3304 0.0403
294.3875 0.0403
294.9160 0.0403
295.4445 0.0404
295.4445 0.0405
295.4445 0.0405
295.9731 0.0406
296.5016 0.0406
297.0301 0.0406
298.0871 0.0406
298.0871 0.0407
298.0871 0.0408
298.6157 0.0408
299.1442 0.0408
299.1442 0.0410
300.2012 0.0410
300.2012 0.0410
300.7298 0.0410
300.7298 0.0410
301.2583 0.0410
302.3153 0.0411
302.3153 0.0412
302.3153 0.0412
302.8439 0.0412
303.3724 0.0412
303.3724 0.0412
303.9009 0.0413
304.4294 0.0414
304.4294 0.0414
304.9579 0.0415
305.4865 0.0415
305.4865 0.0416
306.0150 0.0416
306.5435 0.0416
307.0720 0.0417
307.0720 0.0417
306.5435 0.0417
306.0150 0.0418
306.5435 0.0419
306.5435 0.0419
307.6006 0.0419
307.6006 0.0420
308.1291 0.0421
308.1291 0.0421
308.1291 0.0422
308.6576 0.0422
309.7147 0.0423
309.7147 0.0423
309.7147 0.0423
310.7717 0.0424
310.7717 0.0424
311.3002 0.0424
312.3573 0.0424
312.3573 0.0425
312.8858 0.0425
313.4143 0.0425
313.4143 0.0425
314.4714 0.0426
314.9999 0.0426
315.5284 0.0426
315.5284 0.0427
316.0569 0.0427
316.0569 0.0427
317.1140 0.0429
317.1140 0.0430
317.6425 0.0430
318.1710 0.0430
318.1710 0.0430
318.6996 0.0430
319.7566 0.0431
319.7566 0.0431
320.8136 0.0431
320.8136 0.0432
320.8136 0.0432
321.3422 0.0433
321.8707 0.0433
321.8707 0.0433
322.9277 0.0434
322.9277 0.0434
323.4563 0.0434
323.4563 0.0435
324.5133 0.0435
325.0418 0.0436
325.5704 0.0436
326.0989 0.0437
326.0989 0.0437
326.6274 0.0437
326.6274 0.0438
327.6844 0.0439
328.2130 0.0439
328.7415 0.0439
329.2700 0.0440
329.2700 0.0441
329.2700 0.0441
330.3271 0.0441
330.8556 0.0441
330.8556 0.0441
331.3841 0.0443
331.3841 0.0443
332.4412 0.0443
332.4412 0.0443
332.9697 0.0444
334.0267 0.0444
334.0267 0.0444
335.0838 0.0444
335.0838 0.0445
335.6123 0.0445
336.1408 0.0446
336.6693 0.0446
336.6693 0.0446
338.2549 0.0447
337.7264 0.0448
337.7264 0.0448
338.7834 0.0449
338.7834 0.0449
339.8405 0.0449
339.8405 0.0450
340.3690 0.0450
340.3690 0.0451
340.8975 0.0451
340.8975 0.0451
341.4261 0.0452
341.9546 0.0453
342.4831 0.0453
342.4831 0.0453
343.5401 0.0453
343.5401 0.0454
344.5972 0.0454
344.5972 0.0455
345.1257 0.0455
345.1257 0.0455
345.6542 0.0456
346.7113 0.0457
347.7683 0.0457
347.2398 0.0457
347.7683 0.0457
348.2969 0.0457
348.2969 0.0457
349.3539 0.0458
349.8824 0.0460
350.4110 0.0460
350.9395 0.0461
350.9395 0.0461
351.4680 0.0461
351.9965 0.0462
351.9965 0.0462
353.0536 0.0463
353.0536 0.0463
353.5821 0.0463
354.1106 0.0464
354.1106 0.0464
354.1106 0.0464
355.6962 0.0464
355.6962 0.0465
356.2247 0.0465
356.2247 0.0466
356.7532 0.0466
356.7532 0.0466
357.2818 0.0466
357.8103 0.0466
358.8673 0.0467
358.8673 0.0468
358.8673 0.0468
359.9244 0.0468
360.4529 0.0469
360.9814 0.0469
360.9814 0.0469
361.5099 0.0470
362.0385 0.0471
362.5670 0.0471
362.5670 0.0472
363.0955 0.0472
363.6240 0.0473
364.1526 0.0473
364.1526 0.0473
365.2096 0.0474
365.7381 0.0474
365.7381 0.0475
365.7381 0.0475
366.2667 0.0476
366.2667 0.0476
367.8522 0.0477
367.3237 0.0477
368.3807 0.0478
368.9093 0.0478
368.9093 0.0478
369.4378 0.0478
370.4948 0.0478
370.4948 0.0478
371.5519 0.0479
371.5519 0.0480
372.0804 0.0480
372.0804 0.0481
372.0804 0.0481
373.1375 0.0481
374.1945 0.0482
373.6660 0.0483
373.6660 0.0483
374.7230 0.0483
375.2515 0.0484
375.7801 0.0484
376.3086 0.0485
376.3086 0.0485
376.8371 0.0485
377.8942 0.0485
377.8942 0.0485
378.4227 0.0485
378.9512 0.0486
379.4797 0.0487
380.0083 0.0487
380.0083 0.0488
380.0083 0.0488
381.0653 0.0489
381.0653 0.0490
382.1223 0.0490
382.1223 0.0490
382.6509 0.0490
382.6509 0.0491
383.1794 0.0491
383.7079 0.0491
384.7650 0.0492
384.7650 0.0493
384.7650 0.0493
385.2935 0.0493
385.8220 0.0493
386.8791 0.0494
386.8791 0.0495
387.4076 0.0495
387.9361 0.0496
387.9361 0.0497
388.4646 0.0497
388.9932 0.0497
389.5217 0.0498
390.0502 0.0498
390.0502 0.0498
390.0502 0.0498
390.5787 0.0498
391.6358 0.0499
392.1643 0.0499
392.6928 0.0500
392.6928 0.0500
393.2213 0.0501
393.2213 0.0501
394.2784 0.0502
394.2784 0.0502
394.8069 0.0502
395.3354 0.0502
395.8640 0.0503
396.3925 0.0504
396.3925 0.0505
396.9210 0.0505
397.9780 0.0505
397.9780 0.0505
398.5066 0.0506
398.5066 0.0506
399.0351 0.0507
399.5636 0.0508
400.6207 0.0508
400.6207 0.0508
401.1492 0.0509
401.1492 0.0509
401.1492 0.0509
401.6777 0.0510
402.2062 0.0511
403.2633 0.0512
403.2633 0.0512
403.7918 0.0512
403.7918 0.0512
404.3203 0.0512
404.3203 0.0512
405.9059 0.0512
406.4344 0.0513
406.4344 0.0513
406.9629 0.0513
406.9629 0.0514
407.4915 0.0515
409.0770 0.0516
409.0770 0.0516
409.0770 0.0517
409.0770 0.0517
409.6056 0.0517
410.1341 0.0518
411.1911 0.0518
410.6626 0.0518
411.7197 0.0519
411.7197 0.0519
411.7197 0.0519
412.7767 0.0520
413.8337 0.0520
413.8337 0.0520
414.3623 0.0520
414.3623 0.0521
414.3623 0.0522
415.4193 0.0522
415.9478 0.0522
416.4764 0.0523
417.0049 0.0524
417.0049 0.0524
417.0049 0.0524
418.0619 0.0525
418.0619 0.0525
419.1190 0.0525
419.6475 0.0526
419.6475 0.0526
420.1760 0.0527
420.7046 0.0527
421.2331 0.0528
421.7616 0.0528
421.7616 0.0529
422.8186 0.0529
422.8186 0.0529
423.3472 0.0529
423.8757 0.0530
424.4042 0.0530
424.4042 0.0530
424.9327 0.0532
424.9327 0.0532
424.9327 0.0532
425.9898 0.0532
426.5183 0.0533
427.0468 0.0533
427.5754 0.0535
428.1039 0.0535
428.1039 0.0535
428.6324 0.0535
429.1609 0.0535
429.6894 0.0536
430.2180 0.0537
430.2180 0.0537
430.7465 0.0537
431.8035 0.0538
431.8035 0.0538
432.3321 0.0538
432.8606 0.0538
433.3891 0.0538
433.3891 0.0539
433.9176 0.0539
433.9176 0.0540
434.9747 0.0541
434.9747 0.0541
434.9747 0.0541
436.0317 0.0542
436.5602 0.0543
436.5602 0.0543
437.0888 0.0543
437.6173 0.0544
438.6743 0.0544
438.6743 0.0545
438.6743 0.0545
439.2029 0.0545
439.7314 0.0545
440.7884 0.0546
440.7884 0.0546
441.3170 0.0547
441.8455 0.0547
441.8455 0.0548
442.3740 0.0548
442.9025 0.0549
443.4311 0.0549
443.9596 0.0549
443.4311 0.0550
443.9596 0.0550
445.0166 0.0550
445.5451 0.0551
445.5451 0.0551
446.0737 0.0552
446.6022 0.0552
446.6022 0.0552
447.1307 0.0552
447.6592 0.0553
448.1878 0.0554
449.2448 0.0554
448.7163 0.0555
449.2448 0.0555
450.3019 0.0555
450.3019 0.0556
450.8304 0.0556
450.8304 0.0556
451.3589 0.0557
451.8874 0.0557
452.4159 0.0559
452.9445 0.0559
452.9445 0.0559
454.0015 0.0559
454.0015 0.0559
454.0015 0.0559
454.5300 0.0560
455.0586 0.0560
456.1156 0.0561
456.1156 0.0562
456.1156 0.0562
456.1156 0.0562
457.1727 0.0563
457.1727 0.0563
457.7012 0.0564
458.2297 0.0564
458.7582 0.0565
459.2868 0.0566
459.2868 0.0566
459.8153 0.0566
461.4008 0.0567
460.8723 0.0567
461.4008 0.0567
461.9294 0.0568
461.9294 0.0568
462.4579 0.0568
463.5149 0.0569
463.5149 0.0569
464.0435 0.0569
464.0435 0.0570
464.0435 0.0570
465.1005 0.0571
465.6290 0.0571
466.1576 0.0571
466.1576 0.0572
466.6861 0.0572
467.2146 0.0573
468.2716 0.0573
468.8002 0.0573
468.8002 0.0574
468.8002 0.0575
469.3287 0.0575
469.8572 0.0575
470.3857 0.0576
470.3857 0.0576
470.9143 0.0577
471.4428 0.0577
471.9713 0.0578
471.9713 0.0578
473.0284 0.0579
473.0284 0.0580
474.0854 0.0580
474.0854 0.0580
474.6139 0.0580
475.1425 0.0580
475.6710 0.0580
475.6710 0.0581
476.1995 0.0582
476.1995 0.0582
476.1995 0.0582
477.2565 0.0583
477.2565 0.0583
477.7851 0.0584
478.3136 0.0584
478.3136 0.0585
478.3136 0.0585
478.8421 0.0586
479.3706 0.0586
480.4277 0.0586
480.9562 0.0586
481.4847 0.0586
481.4847 0.0587
482.0133 0.0587
482.0133 0.0588
482.5418 0.0588
483.0703 0.0590
484.1273 0.0590
483.5988 0.0590
484.1273 0.0590
484.6559 0.0591
485.1844 0.0592
485.7129 0.0592
486.2414 0.0592
486.2414 0.0592
486.7700 0.0593
487.2985 0.0593
487.2985 0.0593
488.3555 0.0593
488.8841 0.0594
488.8841 0.0594
489.4126 0.0595
489.9411 0.0596
489.9411 0.0596
490.4696 0.0596
490.4696 0.0596
491.5267 0.0597
492.0552 0.0597
492.0552 0.0598
492.0552 0.0598
493.1122 0.0599
493.1122 0.0599
494.1693 0.0600
494.1693 0.0600
494.6978 0.0600
495.2263 0.0601
495.2263 0.0601
495.7549 0.0602
496.8119 0.0603
496.8119 0.0603
497.3404 0.0603
497.3404 0.0604
497.8690 0.0604
498.9260 0.0605
499.9830 0.0606
499.9830 0.0606
499.9830 0.0607
500.5116 0.0607
500.5116 0.0607
501.0401 0.0607
501.5686 0.0607
502.0971 0.0608
502.0971 0.0608
503.1542 0.0608
503.1542 0.0609
503.6827 0.0609
504.2112 0.0610
504.7398 0.0610
505.2683 0.0611
505.2683 0.0612
505.7968 0.0612
506.3253 0.0612
506.8538 0.0613
507.3824 0.0613
507.3824 0.0613
507.9109 0.0613
508.4394 0.0614
508.9679 0.0614
509.4965 0.0614
510.0250 0.0614
510.0250 0.0615
510.5535 0.0615
511.0820 0.0616
511.6106 0.0616
512.1391 0.0616
512.1391 0.0616
512.6676 0.0617
512.6676 0.0618
513.7247 0.0618
513.7247 0.0619
514.2532 0.0619
514.7817 0.0619
514.7817 0.0620
515.3102 0.0620
515.8387 0.0621
516.3673 0.0621
516.8958 0.0622
517.4243 0.0623
517.4243 0.0623
517.4243 0.0623
519.0099 0.0623
519.0099 0.0624
519.5384 0.0624
519.5384 0.0625
519.5384 0.0625
520.0669 0.0626
521.1240 0.0626
521.1240 0.0627
521.6525 0.0627
521.6525 0.0627
522.1810 0.0627
522.7095 0.0627
522.7095 0.0627
523.7666 0.0628
524.2951 0.0629
524.2951 0.0629
524.8236 0.0629
525.3522 0.0630
525.8807 0.0630
526.4092 0.0631
526.9377 0.0631
526.9377 0.0631
527.4663 0.0632
527.4663 0.0633
527.9948 0.0633
529.0518 0.0634
529.0518 0.0634
529.0518 0.0634
530.1089 0.0634
530.1089 0.0635
530.6374 0.0635
531.6944 0.0635
531.6944 0.0636
532.2230 0.0636
532.2230 0.0637
532.7515 0.0638
532.7515 0.0638
533.2800 0.0639
533.2800 0.0639
533.8085 0.0639
533.8085 0.0640
534.3371 0.0640
534.8656 0.0641
535.9226 0.0641
535.3941 0.0641
535.3941 0.0641
535.9226 0.0641
536.4512 0.0642
536.9797 0.0642
536.9797 0.0643
537.5082 0.0644
537.5082 0.0644
538.5652 0.0644
538.5652 0.0645
539.6223 0.0646
539.6223 0.0646
539.6223 0.0647
539.6223 0.0647
540.6793 0.0647
540.6793 0.0647
541.2079 0.0647
541.2079 0.0648
541.2079 0.0649
541.2079 0.0649
541.7364 0.0649
542.2649 0.0650
543.3220 0.0650
543.3220 0.0651
543.3220 0.0651
543.8505 0.0652
543.8505 0.0652
543.8505 0.0653
544.9075 0.0653
544.9075 0.0653
545.4361 0.0654
545.4361 0.0654
545.4361 0.0654
545.9646 0.0654
546.4931 0.0655
546.4931 0.0655
546.4931 0.0655
547.0216 0.0656
547.0216 0.0656
547.0216 0.0657
546.4931 0.0657
546.4931 0.0657
534.8656 0.0658
462.9864 0.0659
271.6610 0.0660
249.4630 0.0653
248.4060 0.0653
